CTRIA3    300001     111  110234  323501  110235     101
CTRIA3  10300001     111101102341032350110110235     121
CTRIA3    300002     111  323401  323501  110234     101
CTRIA3  10300002     111103234011032350110110234     121
CTRIA3    300003     111  210210  323501  210235     101
CTRIA3  10300003     111102102101032350110210235     121
CTRIA3    300004     111  321001  323501  210210     101
CTRIA3  10300004     111103210011032350110210210     121
CTRIA3    300005     111  321101  321001  210210     101
CTRIA3  10300005     111103211011032100110210210     121
CTRIA3    300006     111  210210  210211  321101     101
CTRIA3  10300006     111102102101021021110321101     121
CTRIA3    300007     111  210166  316501  210165     101
CTRIA3  10300007     111102101661031650110210165     121
CTRIA3    300008     111  316601  316501  210166     101
CTRIA3  10300008     111103166011031650110210166     121
CTRIA3    300009     111  313701  316601  210166     101
CTRIA3  10300009     111103137011031660110210166     121
CTRIA3    300010     111  210166  210137  313701     101
CTRIA3  10300010     111102101661021013710313701     121
CTRIA3    300011     111  110350  335001  110325     101
CTRIA3  10300011     111101103501033500110110325     121
CTRIA3    300012     111  110325  335001  332501     101
CTRIA3  10300012     111101103251033500110332501     121
CTRIA3    300013     111  110325  332501  332601     101
CTRIA3  10300013     111101103251033250110332601     121
CTRIA3    300014     111  332601  110326  110325     101
CTRIA3  10300014     111103326011011032610110325     121
CTRIA3    300015     111  110280  328001  110281     101
CTRIA3  10300015     111101102801032800110110281     121
CTRIA3    300016     111  110281  328001  328101     101
CTRIA3  10300016     111101102811032800110328101     121
CTRIA3    300017     111  110281  328101  325601     101
CTRIA3  10300017     111101102811032810110325601     121
CTRIA3    300018     111  325601  110256  110281     101
CTRIA3  10300018     111103256011011025610110281     121
CTRIA3    300019     111  323401  110234  110233     101
CTRIA3  10300019     111103234011011023410110233     121
CTRIA3    300020     111  323301  323401  110233     101
CTRIA3  10300020     111103233011032340110110233     121
CTRIA3    300021     111  110235  323501  110210     101
CTRIA3  10300021     111101102351032350110110210     121
CTRIA3    300022     111  110210  323501  321001     101
CTRIA3  10300022     111101102101032350110321001     121
CTRIA3    300023     111  110210  321001  321101     101
CTRIA3  10300023     111101102101032100110321101     121
CTRIA3    300024     111  321101  110211  110210     101
CTRIA3  10300024     111103211011011021110110210     121
CTRIA3    300025     111  110164  316501  110165     101
CTRIA3  10300025     111101101641031650110110165     121
CTRIA3    300026     111  316401  316501  110164     101
CTRIA3  10300026     111103164011031650110110164     121
CTRIA3    300027     111  110166  316501  316601     101
CTRIA3  10300027     111101101661031650110316601     121
CTRIA3    300028     111  110165  316501  110166     101
CTRIA3  10300028     111101101651031650110110166     121
CTRIA3    300029     111  110166  316601  313701     101
CTRIA3  10300029     111101101661031660110313701     121
CTRIA3    300030     111  313701  110137  110166     101
CTRIA3  10300030     111103137011011013710110166     121
CTRIA3    300031     111  210139  313901  210138     101
CTRIA3  10300031     111102101391031390110210138     121
CTRIA3    300032     111  210138  313901  313801     101
CTRIA3  10300032     111102101381031390110313801     121
CTRIA3    300033     111  313701  210137  210138     101
CTRIA3  10300033     111103137011021013710210138     121
CTRIA3    300034     111  210138  313801  313701     101
CTRIA3  10300034     111102101381031380110313701     121
CTRIA3    300035     111  313801  313901  110138     101
CTRIA3  10300035     111103138011031390110110138     121
CTRIA3    300036     111  110138  313901  110139     101
CTRIA3  10300036     111101101381031390110110139     121
CTRIA3    300037     111  110138  110137  313701     101
CTRIA3  10300037     111101101381011013710313701     121
CTRIA3    300038     111  313701  313801  110138     101
CTRIA3  10300038     111103137011031380110110138     121
CTRIA3    300039     111  210165  316501  210164     101
CTRIA3  10300039     111102101651031650110210164     121
CTRIA3    300040     111  210164  316501  316401     101
CTRIA3  10300040     111102101641031650110316401     121
CTRIA3    300041     111  318801  318701  210188     101
CTRIA3  10300041     111103188011031870110210188     121
CTRIA3    300042     111  210188  318701  210187     101
CTRIA3  10300042     111102101881031870110210187     121
CTRIA3    300043     111  318901  210188  210189     101
CTRIA3  10300043     111103189011021018810210189     121
CTRIA3    300044     111  318801  210188  318901     101
CTRIA3  10300044     111103188011021018810318901     121
CTRIA3    300045     111  210189  210164  318901     101
CTRIA3  10300045     111102101891021016410318901     121
CTRIA3    300046     111  318901  210164  316401     101
CTRIA3  10300046     111103189011021016410316401     121
CTRIA3    300047     111  304801  110048  110136     101
CTRIA3  10300047     111103048011011004810110136     121
CTRIA3    300048     111  110136  313601  304801     101
CTRIA3  10300048     111101101361031360110304801     121
CTRIA3    300049     111  110136  313501  313601     101
CTRIA3  10300049     111101101361031350110313601     121
CTRIA3    300050     111  110136  110135  313501     101
CTRIA3  10300050     111101101361011013510313501     121
CTRIA3    300051     111  110139  313901  110112     101
CTRIA3  10300051     111101101391031390110110112     121
CTRIA3    300052     111  110112  313901  311201     101
CTRIA3  10300052     111101101121031390110311201     121
CTRIA3    300053     111  313501  110135  110112     101
CTRIA3  10300053     111103135011011013510110112     121
CTRIA3    300054     111  311201  313501  110112     101
CTRIA3  10300054     111103112011031350110110112     121
CTRIA3    300055     111  304801  313601  210136     101
CTRIA3  10300055     111103048011031360110210136     121
CTRIA3    300056     111  210136  210048  304801     101
CTRIA3  10300056     111102101361021004810304801     121
CTRIA3    300057     111  313601  313501  210136     101
CTRIA3  10300057     111103136011031350110210136     121
CTRIA3    300058     111  313501  210135  210136     101
CTRIA3  10300058     111103135011021013510210136     121
CTRIA3    300059     111  210112  313901  210139     101
CTRIA3  10300059     111102101121031390110210139     121
CTRIA3    300060     111  311201  313901  210112     101
CTRIA3  10300060     111103112011031390110210112     121
CTRIA3    300061     111  210112  313501  311201     101
CTRIA3  10300061     111102101121031350110311201     121
CTRIA3    300062     111  210112  210135  313501     101
CTRIA3  10300062     111102101121021013510313501     121
CTRIA3    300063     111  110350  110349  334901     101
CTRIA3  10300063     111101103501011034910334901     121
CTRIA3    300064     111  334901  335001  110350     101
CTRIA3  10300064     111103349011033500110110350     121
CTRIA3    300065     111  335001  334901  210350     101
CTRIA3  10300065     111103350011033490110210350     121
CTRIA3    300066     111  210350  334901  210349     101
CTRIA3  10300066     111102103501033490110210349     121
CTRIA3    300067     111  332501  335001  210350     101
CTRIA3  10300067     111103325011033500110210350     121
CTRIA3    300068     111  210350  210325  332501     101
CTRIA3  10300068     111102103501021032510332501     121
CTRIA3    300069     111  210326  332701  332601     101
CTRIA3  10300069     111102103261033270110332601     121
CTRIA3    300070     111  210327  332701  210326     101
CTRIA3  10300070     111102103271033270110210326     121
CTRIA3    300071     111  332601  332501  210326     101
CTRIA3  10300071     111103326011033250110210326     121
CTRIA3    300072     111  332501  210325  210326     101
CTRIA3  10300072     111103325011021032510210326     121
CTRIA3    300073     111  210279  327901  210304     101
CTRIA3  10300073     111102102791032790110210304     121
CTRIA3    300074     111  210304  327901  330401     101
CTRIA3  10300074     111102103041032790110330401     121
CTRIA3    300075     111  210304  330401  330301     101
CTRIA3  10300075     111102103041033040110330301     121
CTRIA3    300076     111  330301  210303  210304     101
CTRIA3  10300076     111103303011021030310210304     121
CTRIA3    300077     111  210234  323501  323401     101
CTRIA3  10300077     111102102341032350110323401     121
CTRIA3    300078     111  210235  323501  210234     101
CTRIA3  10300078     111102102351032350110210234     121
CTRIA3    300079     111  210234  323401  323301     101
CTRIA3  10300079     111102102341032340110323301     121
CTRIA3    300080     111  323301  210233  210234     101
CTRIA3  10300080     111103233011021023310210234     121
CTRIA3    300081     111  210280  327901  210279     101
CTRIA3  10300081     111102102801032790110210279     121
CTRIA3    300082     111  328001  327901  210280     101
CTRIA3  10300082     111103280011032790110210280     121
CTRIA3    300083     111  328101  328001  210280     101
CTRIA3  10300083     111103281011032800110210280     121
CTRIA3    300084     111  210280  210281  328101     101
CTRIA3  10300084     111102102801021028110328101     121
CTRIA3    300085     111  325601  328101  210256     101
CTRIA3  10300085     111103256011032810110210256     121
CTRIA3    300086     111  328101  210281  210256     101
CTRIA3  10300086     111103281011021028110210256     121
CTRIA3    300087     111  110279  328001  110280     101
CTRIA3  10300087     111101102791032800110110280     121
CTRIA3    300088     111  110279  327901  328001     101
CTRIA3  10300088     111101102791032790110328001     121
CTRIA3    300089     111  330401  327901  110279     101
CTRIA3  10300089     111103304011032790110110279     121
CTRIA3    300090     111  110279  110304  330401     101
CTRIA3  10300090     111101102791011030410330401     121
CTRIA3    300091     111  330301  330401  110303     101
CTRIA3  10300091     111103303011033040110110303     121
CTRIA3    300092     111  330401  110304  110303     101
CTRIA3  10300092     111103304011011030410110303     121
CTRIA3    300093     111  110212  110211  321201     101
CTRIA3  10300093     111101102121011021110321201     121
CTRIA3    300094     111  321201  110211  321101     101
CTRIA3  10300094     111103212011011021110321101     121
CTRIA3    300095     111  321101  210211  321201     101
CTRIA3  10300095     111103211011021021110321201     121
CTRIA3    300096     111  210211  210212  321201     101
CTRIA3  10300096     111102102111021021210321201     121
CTRIA3    300097     111  321201  210212  210187     101
CTRIA3  10300097     111103212011021021210210187     121
CTRIA3    300098     111  210187  318701  321201     101
CTRIA3  10300098     111102101871031870110321201     121
CTRIA3    300099     111  110348  334901  110349     101
CTRIA3  10300099     111101103481033490110110349     121
CTRIA3    300100     111  334801  334901  110348     101
CTRIA3  10300100     111103348011033490110110348     121
CTRIA3    300101     111  110394  110419  341901     101
CTRIA3  10300101     111101103941011041910341901     121
CTRIA3    300102     111  341901  339401  110394     101
CTRIA3  10300102     111103419011033940110110394     121
CTRIA3    300103     111  110327  110326  332601     101
CTRIA3  10300103     111101103271011032610332601     121
CTRIA3    300104     111  332601  332701  110327     101
CTRIA3  10300104     111103326011033270110110327     121
CTRIA3    300105     111  325701  210256  210257     101
CTRIA3  10300105     111103257011021025610210257     121
CTRIA3    300106     111  325601  210256  325701     101
CTRIA3  10300106     111103256011021025610325701     121
CTRIA3    300107     111  325701  110256  325601     101
CTRIA3  10300107     111103257011011025610325601     121
CTRIA3    300108     111  325701  110257  110256     101
CTRIA3  10300108     111103257011011025710110256     121
CTRIA3    300109     111  110212  321201  110187     101
CTRIA3  10300109     111101102121032120110110187     121
CTRIA3    300110     111  110187  321201  318701     101
CTRIA3  10300110     111101101871032120110318701     121
CTRIA3    300111     111  110187  318701  318801     101
CTRIA3  10300111     111101101871031870110318801     121
CTRIA3    300112     111  318801  110188  110187     101
CTRIA3  10300112     111103188011011018810110187     121
CTRIA3    300113     111  318801  318901  110189     101
CTRIA3  10300113     111103188011031890110110189     121
CTRIA3    300114     111  110189  110188  318801     101
CTRIA3  10300114     111101101891011018810318801     121
CTRIA3    300115     111  316401  110164  110189     101
CTRIA3  10300115     111103164011011016410110189     121
CTRIA3    300116     111  110189  318901  316401     101
CTRIA3  10300116     111101101891031890110316401     121
CTRIA3    300117     111  330201  110303  110302     101
CTRIA3  10300117     111103302011011030310110302     121
CTRIA3    300118     111  330301  110303  330201     101
CTRIA3  10300118     111103303011011030310330201     121
CTRIA3    300119     111  330201  210303  330301     101
CTRIA3  10300119     111103302011021030310330301     121
CTRIA3    300120     111  330201  210302  210303     101
CTRIA3  10300120     111103302011021030210210303     121
CTRIA3    300121     111  110302  110327  330201     101
CTRIA3  10300121     111101103021011032710330201     121
CTRIA3    300122     111  330201  110327  332701     101
CTRIA3  10300122     111103302011011032710332701     121
CTRIA3    300123     111  330201  332701  210327     101
CTRIA3  10300123     111103302011033270110210327     121
CTRIA3    300124     111  210327  210302  330201     101
CTRIA3  10300124     111102103271021030210330201     121
CTRIA3    300125     111  325801  110233  110258     101
CTRIA3  10300125     111103258011011023310110258     121
CTRIA3    300126     111  323301  110233  325801     101
CTRIA3  10300126     111103233011011023310325801     121
CTRIA3    300127     111  325801  210233  323301     101
CTRIA3  10300127     111103258011021023310323301     121
CTRIA3    300128     111  325801  210258  210233     101
CTRIA3  10300128     111103258011021025810210233     121
CTRIA3    300129     111  110258  110257  325801     101
CTRIA3  10300129     111101102581011025710325801     121
CTRIA3    300130     111  110257  325701  325801     101
CTRIA3  10300130     111101102571032570110325801     121
CTRIA3    300131     111  210257  210258  325801     101
CTRIA3  10300131     111102102571021025810325801     121
CTRIA3    300132     111  325801  325701  210257     101
CTRIA3  10300132     111103258011032570110210257     121
CTRIA3    300133     111  110435  110106  310601     101
CTRIA3  10300133     111101104351011010610310601     121
CTRIA3    300134     111  310601  343501  110435     101
CTRIA3  10300134     111103106011034350110110435     121
CTRIA3    300135     111  341701  110417  110435     101
CTRIA3  10300135     111103417011011041710110435     121
CTRIA3    300136     111  110435  343501  341701     101
CTRIA3  10300136     111101104351034350110341701     121
CTRIA3    300137     111  210435  343501  310601     101
CTRIA3  10300137     111102104351034350110310601     121
CTRIA3    300138     111  310601  210106  210435     101
CTRIA3  10300138     111103106011021010610210435     121
CTRIA3    300139     111  341701  343501  210435     101
CTRIA3  10300139     111103417011034350110210435     121
CTRIA3    300140     111  210435  210417  341701     101
CTRIA3  10300140     111102104351021041710341701     121
CTRIA3    300141     111  110419  110418  341801     101
CTRIA3  10300141     111101104191011041810341801     121
CTRIA3    300142     111  341901  110419  341801     101
CTRIA3  10300142     111103419011011041910341801     121
CTRIA3    300143     111  341801  210417  210418     101
CTRIA3  10300143     111103418011021041710210418     121
CTRIA3    300144     111  341701  210417  341801     101
CTRIA3  10300144     111103417011021041710341801     121
CTRIA3    300145     111  341801  110418  110417     101
CTRIA3  10300145     111103418011011041810110417     121
CTRIA3    300146     111  341801  110417  341701     101
CTRIA3  10300146     111103418011011041710341701     121
CTRIA3    300147     111  210349  334901  210348     101
CTRIA3  10300147     111102103491033490110210348     121
CTRIA3    300148     111  210348  334901  334801     101
CTRIA3  10300148     111102103481033490110334801     121
CTRIA3    300149     111  337301  110348  110373     101
CTRIA3  10300149     111103373011011034810110373     121
CTRIA3    300150     111  334801  110348  337301     101
CTRIA3  10300150     111103348011011034810337301     121
CTRIA3    300151     111  210373  210348  337301     101
CTRIA3  10300151     111102103731021034810337301     121
CTRIA3    300152     111  337301  210348  334801     101
CTRIA3  10300152     111103373011021034810334801     121
CTRIA3    300153     111  110373  110372  337301     101
CTRIA3  10300153     111101103731011037210337301     121
CTRIA3    300154     111  337301  110372  337201     101
CTRIA3  10300154     111103373011011037210337201     121
CTRIA3    300155     111  210372  210373  337301     101
CTRIA3  10300155     111102103721021037310337301     121
CTRIA3    300156     111  337201  210372  337301     101
CTRIA3  10300156     111103372011021037210337301     121
CTRIA3    300157     111  341901  341801  210419     101
CTRIA3  10300157     111103419011034180110210419     121
CTRIA3    300158     111  210419  341801  210418     101
CTRIA3  10300158     111102104191034180110210418     121
CTRIA3    300159     111  210419  339401  341901     101
CTRIA3  10300159     111102104191033940110341901     121
CTRIA3    300160     111  210419  210394  339401     101
CTRIA3  10300160     111102104191021039410339401     121
CTRIA3    300161     111  210395  210396  339501     101
CTRIA3  10300161     111102103951021039610339501     121
CTRIA3    300162     111  210396  339601  339501     101
CTRIA3  10300162     111102103961033960110339501     121
CTRIA3    300163     111  110396  110395  339501     101
CTRIA3  10300163     111101103961011039510339501     121
CTRIA3    300164     111  339501  339601  110396     101
CTRIA3  10300164     111103395011033960110110396     121
CTRIA3    300165     111  339501  210394  210395     101
CTRIA3  10300165     111103395011021039410210395     121
CTRIA3    300166     111  339401  210394  339501     101
CTRIA3  10300166     111103394011021039410339501     121
CTRIA3    300167     111  339501  110394  339401     101
CTRIA3  10300167     111103395011011039410339401     121
CTRIA3    300168     111  339501  110395  110394     101
CTRIA3  10300168     111103395011011039510110394     121
CTRIA3    300169     111  110372  110371  337101     101
CTRIA3  10300169     111101103721011037110337101     121
CTRIA3    300170     111  337201  110372  337101     101
CTRIA3  10300170     111103372011011037210337101     121
CTRIA3    300171     111  337101  210372  337201     101
CTRIA3  10300171     111103371011021037210337201     121
CTRIA3    300172     111  337101  210371  210372     101
CTRIA3  10300172     111103371011021037110210372     121
CTRIA3    300173     111  337101  110371  110396     101
CTRIA3  10300173     111103371011011037110110396     121
CTRIA3    300174     111  110396  339601  337101     101
CTRIA3  10300174     111101103961033960110337101     121
CTRIA3    300175     111  210396  210371  337101     101
CTRIA3  10300175     111102103961021037110337101     121
CTRIA3    300176     111  337101  339601  210396     101
CTRIA3  10300176     111103371011033960110210396     121
