CTRIA3    920001     131  730133  913403  730134     106
CTRIA3  10920001     131107301331091340310730134     126
CTRIA3    920002     131  913402  913403  913301     106
CTRIA3  10920002     131109134021091340310913301     126
CTRIA3    920003     131  913301  913401  913402     106
CTRIA3  10920003     131109133011091340110913402     126
CTRIA3    920004     131  913403  730133  913301     106
CTRIA3  10920004     131109134031073013310913301     126
CTRIA3    920005     131  830133  830134  913401     106
CTRIA3  10920005     131108301331083013410913401     126
CTRIA3    920006     131  913401  913301  830133     106
CTRIA3  10920006     131109134011091330110830133     126
CTRIA3    920007     131  913301  730133  420023     106
CTRIA3  10920007     131109133011073013310420023     126
CTRIA3    920008     131  913301  420023  602301     106
CTRIA3  10920008     131109133011042002310602301     126
CTRIA3    920009     131  910903  913403  913402     106
CTRIA3  10920009     131109109031091340310913402     126
CTRIA3    920010     131  910903  913402  910902     106
CTRIA3  10920010     131109109031091340210910902     126
CTRIA3    920011     131  911002  910903  910902     106
CTRIA3  10920011     131109110021091090310910902     126
CTRIA3    920012     131  911003  910903  911002     106
CTRIA3  10920012     131109110031091090310911002     126
CTRIA3    920013     131  908302  908303  911002     106
CTRIA3  10920013     131109083021090830310911002     126
CTRIA3    920014     131  911002  908303  911003     106
CTRIA3  10920014     131109110021090830310911003     126
CTRIA3    920015     131  910901  830134  830109     106
CTRIA3  10920015     131109109011083013410830109     126
CTRIA3    920016     131  913401  830134  910901     106
CTRIA3  10920016     131109134011083013410910901     126
CTRIA3    920017     131  910902  913402  910901     106
CTRIA3  10920017     131109109021091340210910901     126
CTRIA3    920018     131  913402  913401  910901     106
CTRIA3  10920018     131109134021091340110910901     126
CTRIA3    920019     131  910901  911002  910902     106
CTRIA3  10920019     131109109011091100210910902     126
CTRIA3    920020     131  911001  911002  910901     106
CTRIA3  10920020     131109110011091100210910901     126
CTRIA3    920021     131  913403  910903  730109     106
CTRIA3  10920021     131109134031091090310730109     126
CTRIA3    920022     131  730134  913403  730109     106
CTRIA3  10920022     131107301341091340310730109     126
CTRIA3    920023     131  730109  910903  911003     106
CTRIA3  10920023     131107301091091090310911003     126
CTRIA3    920024     131  730109  911003  730110     106
CTRIA3  10920024     131107301091091100310730110     126
CTRIA3    920025     131  910803  903302  903303     106
CTRIA3  10920025     13110910803  903302  903303     126
CTRIA3    920026     131  910802  903302  910803     106
CTRIA3  10920026     13110910802  90330210910803     126
CTRIA3    920027     131  910803  908303  908302     106
CTRIA3  10920027     131109108031090830310908302     126
CTRIA3    920028     131  908302  910802  910803     106
CTRIA3  10920028     131109083021091080210910803     126
CTRIA3    920029     131  911003  908303  730083     106
CTRIA3  10920029     131109110031090830310730083     126
CTRIA3    920030     131  730110  911003  730083     106
CTRIA3  10920030     131107301101091100310730083     126
CTRIA3    920031     131  830133  913301  602301     106
CTRIA3  10920031     131108301331091330110602301     126
CTRIA3    920032     131  602301  520023  830133     106
CTRIA3  10920032     131106023011052002310830133     126
CTRIA3    920033     131  830110  910901  830109     106
CTRIA3  10920033     131108301101091090110830109     126
CTRIA3    920034     131  911001  910901  830110     106
CTRIA3  10920034     131109110011091090110830110     126
CTRIA3    920035     131  903301  903302  910801     106
CTRIA3  10920035     131  903301  90330210910801     126
CTRIA3    920036     131  910801  903302  910802     106
CTRIA3  10920036     13110910801  90330210910802     126
CTRIA3    920037     131  730108  903303  730033     106
CTRIA3  10920037     13110730108  903303  730033     126
CTRIA3    920038     131  730108  910803  903303     106
CTRIA3  10920038     1311073010810910803  903303     126
CTRIA3    920039     131  908303  910803  730108     106
CTRIA3  10920039     131109083031091080310730108     126
CTRIA3    920040     131  730108  730083  908303     106
CTRIA3  10920040     131107301081073008310908303     126
CTRIA3    920041     131  830108  830033  903301     106
CTRIA3  10920041     13110830108  830033  903301     126
CTRIA3    920042     131  903301  910801  830108     106
CTRIA3  10920042     131  9033011091080110830108     126
CTRIA3    920043     131  908302  911002  908301     106
CTRIA3  10920043     131109083021091100210908301     126
CTRIA3    920044     131  908301  911002  911001     106
CTRIA3  10920044     131109083011091100210911001     126
CTRIA3    920045     131  908301  910802  908302     106
CTRIA3  10920045     131109083011091080210908302     126
CTRIA3    920046     131  908301  910801  910802     106
CTRIA3  10920046     131109083011091080110910802     126
CTRIA3    920047     131  908301  830110  830083     106
CTRIA3  10920047     131109083011083011010830083     126
CTRIA3    920048     131  911001  830110  908301     106
CTRIA3  10920048     131109110011083011010908301     126
CTRIA3    920049     131  830083  830108  908301     106
CTRIA3  10920049     131108300831083010810908301     126
CTRIA3    920050     131  908301  830108  910801     106
CTRIA3  10920050     131109083011083010810910801     126
