CTRIA3    700001     134   30046  730044   30014     100
CTRIA3  10700001     13410030046  730044   30014     120
CTRIA3    700002     134   30047  730099   30046     100
CTRIA3  10700002     134100300471073009910030046     120
CTRIA3    700003     134  730080  730099   30047     100
CTRIA3  10700003     134107300801073009910030047     120
CTRIA3    700004     134  730044   30046  730099     100
CTRIA3  10700004     134  7300441003004610730099     120
CTRIA3    700005     134  730099  730043  730044     100
CTRIA3  10700005     13410730099  730043  730044     120
CTRIA3    700006     134  730080  730102  730099     100
CTRIA3  10700006     134107300801073010210730099     120
CTRIA3    700007     134  730081  730102  730080     100
CTRIA3  10700007     134107300811073010210730080     120
CTRIA3    700008     134  730043  730099  730102     100
CTRIA3  10700008     134  7300431073009910730102     120
CTRIA3    700009     134  730042  730043  730102     100
CTRIA3  10700009     134  730042  73004310730102     120
CTRIA3    700010     134  730042  730102  730105     100
CTRIA3  10700010     134  7300421073010210730105     120
CTRIA3    700011     134  730082  730105  730081     100
CTRIA3  10700011     134107300821073010510730081     120
CTRIA3    700012     134  730081  730105  730102     100
CTRIA3  10700012     134107300811073010510730102     120
CTRIA3    700013     134  730105  730041  730042     100
CTRIA3  10700013     13410730105  730041  730042     120
CTRIA3    700014     134  730082  730169  730105     100
CTRIA3  10700014     134107300821073016910730105     120
CTRIA3    700015     134  730090  730169  730082     100
CTRIA3  10700015     134107300901073016910730082     120
CTRIA3    700016     134  730088  730170  730089     100
CTRIA3  10700016     134107300881073017010730089     120
CTRIA3    700017     134  730087  730171  730088     100
CTRIA3  10700017     134107300871073017110730088     120
CTRIA3    700018     134  730086  730172  730087     100
CTRIA3  10700018     134107300861073017210730087     120
CTRIA3    700019     134  730085  730173  730086     100
CTRIA3  10700019     134107300851073017310730086     120
CTRIA3    700020     134  730084  730174  730085     100
CTRIA3  10700020     134107300841073017410730085     120
CTRIA3    700021     134  730084  730083  730108     100
CTRIA3  10700021     134107300841073008310730108     120
CTRIA3    700022     134  730108  730033  730034     100
CTRIA3  10700022     13410730108  730033  730034     120
CTRIA3    700023     134  730084  730108  730174     100
CTRIA3  10700023     134107300841073010810730174     120
CTRIA3    700024     134  730174  730108  730034     100
CTRIA3  10700024     1341073017410730108  730034     120
CTRIA3    700025     134  730035  730174  730034     100
CTRIA3  10700025     134  73003510730174  730034     120
CTRIA3    700026     134  730036  730173  730035     100
CTRIA3  10700026     134  73003610730173  730035     120
CTRIA3    700027     134  730172  730086  730173     100
CTRIA3  10700027     134107301721073008610730173     120
CTRIA3    700028     134  730173  730085  730174     100
CTRIA3  10700028     134107301731073008510730174     120
CTRIA3    700029     134  730174  730035  730173     100
CTRIA3  10700029     13410730174  73003510730173     120
CTRIA3    700030     134  730036  730172  730173     100
CTRIA3  10700030     134  7300361073017210730173     120
CTRIA3    700031     134  730037  730172  730036     100
CTRIA3  10700031     134  73003710730172  730036     120
CTRIA3    700032     134  730038  730171  730037     100
CTRIA3  10700032     134  73003810730171  730037     120
CTRIA3    700033     134  730170  730088  730171     100
CTRIA3  10700033     134107301701073008810730171     120
CTRIA3    700034     134  730171  730087  730172     100
CTRIA3  10700034     134107301711073008710730172     120
CTRIA3    700035     134  730172  730037  730171     100
CTRIA3  10700035     13410730172  73003710730171     120
CTRIA3    700036     134  730038  730170  730171     100
CTRIA3  10700036     134  7300381073017010730171     120
CTRIA3    700037     134  730039  730170  730038     100
CTRIA3  10700037     134  73003910730170  730038     120
CTRIA3    700038     134  730040  730175  730039     100
CTRIA3  10700038     134  73004010730175  730039     120
CTRIA3    700039     134  730040  730169  730175     100
CTRIA3  10700039     134  7300401073016910730175     120
CTRIA3    700040     134  730041  730169  730040     100
CTRIA3  10700040     134  73004110730169  730040     120
CTRIA3    700041     134  730169  730041  730105     100
CTRIA3  10700041     13410730169  73004110730105     120
CTRIA3    700042     134  730175  730170  730039     100
CTRIA3  10700042     1341073017510730170  730039     120
CTRIA3    700043     134  730170  730175  730089     100
CTRIA3  10700043     134107301701073017510730089     120
CTRIA3    700044     134  730089  730175  730090     100
CTRIA3  10700044     134107300891073017510730090     120
CTRIA3    700045     134  730090  730175  730169     100
CTRIA3  10700045     134107300901073017510730169     120
CTRIA3    700046     134  730108  730032  730033     100
CTRIA3  10700046     13410730108  730032  730033     120
CTRIA3    700047     134  730108  730083  730098     100
CTRIA3  10700047     134107301081073008310730098     120
CTRIA3    700048     134  730097  730176  730098     100
CTRIA3  10700048     134107300971073017610730098     120
CTRIA3    700049     134  730096  730177  730097     100
CTRIA3  10700049     134107300961073017710730097     120
CTRIA3    700050     134  730095  730178  730096     100
CTRIA3  10700050     134107300951073017810730096     120
CTRIA3    700051     134  730094  730179  730095     100
CTRIA3  10700051     134107300941073017910730095     120
CTRIA3    700052     134  730093  730181  730094     100
CTRIA3  10700052     134107300931073018110730094     120
CTRIA3    700053     134  730092  730180  730093     100
CTRIA3  10700053     134107300921073018010730093     120
CTRIA3    700054     134  730091  730180  730092     100
CTRIA3  10700054     134107300911073018010730092     120
CTRIA3    700055     134  730111  730180  730091     100
CTRIA3  10700055     134107301111073018010730091     120
CTRIA3    700056     134  730111  730025  730026     100
CTRIA3  10700056     13410730111  730025  730026     120
CTRIA3    700057     134  730027  730180  730026     100
CTRIA3  10700057     134  73002710730180  730026     120
CTRIA3    700058     134  730028  730181  730027     100
CTRIA3  10700058     134  73002810730181  730027     120
CTRIA3    700059     134  730029  730179  730028     100
CTRIA3  10700059     134  73002910730179  730028     120
CTRIA3    700060     134  730030  730178  730029     100
CTRIA3  10700060     134  73003010730178  730029     120
CTRIA3    700061     134  730177  730096  730178     100
CTRIA3  10700061     134107301771073009610730178     120
CTRIA3    700062     134  730178  730095  730179     100
CTRIA3  10700062     134107301781073009510730179     120
CTRIA3    700063     134  730179  730029  730178     100
CTRIA3  10700063     13410730179  73002910730178     120
CTRIA3    700064     134  730030  730177  730178     100
CTRIA3  10700064     134  7300301073017710730178     120
CTRIA3    700065     134  730031  730177  730030     100
CTRIA3  10700065     134  73003110730177  730030     120
CTRIA3    700066     134  730097  730177  730176     100
CTRIA3  10700066     134107300971073017710730176     120
CTRIA3    700067     134  730176  730177  730031     100
CTRIA3  10700067     1341073017610730177  730031     120
CTRIA3    700068     134  730032  730176  730031     100
CTRIA3  10700068     134  73003210730176  730031     120
CTRIA3    700069     134  730108  730176  730032     100
CTRIA3  10700069     1341073010810730176  730032     120
CTRIA3    700070     134  730176  730108  730098     100
CTRIA3  10700070     134107301761073010810730098     120
CTRIA3    700071     134   20002  730127   30051     100
CTRIA3  10700071     134100200021073012710030051     120
CTRIA3    700072     134  730127   20002  420015     100
CTRIA3  10700072     134107301271002000210420015     120
CTRIA3    700073     134  420015  730129  730127     100
CTRIA3  10700073     134104200151073012910730127     120
CTRIA3    700074     134  730129  420015  420016     100
CTRIA3  10700074     134107301291042001510420016     120
CTRIA3    700075     134  730129  420016  730131     100
CTRIA3  10700075     134107301291042001610730131     120
CTRIA3    700076     134  730131  420016  420017     100
CTRIA3  10700076     134107301311042001610420017     120
CTRIA3    700077     134  420017  730141  730131     100
CTRIA3  10700077     134104200171073014110730131     120
CTRIA3    700078     134  420018  730141  420017     100
CTRIA3  10700078     134104200181073014110420017     120
CTRIA3    700079     134  730141  420018  730140     100
CTRIA3  10700079     134107301411042001810730140     120
CTRIA3    700080     134  420019  730140  420018     100
CTRIA3  10700080     134104200191073014010420018     120
CTRIA3    700081     134  730140  420019  730139     100
CTRIA3  10700081     134107301401042001910730139     120
CTRIA3    700082     134  420020  730139  420019     100
CTRIA3  10700082     134104200201073013910420019     120
CTRIA3    700083     134  730139  420020  730138     100
CTRIA3  10700083     134107301391042002010730138     120
CTRIA3    700084     134  420023  730133  730136     100
CTRIA3  10700084     134104200231073013310730136     120
CTRIA3    700085     134  420023  730136  420022     100
CTRIA3  10700085     134104200231073013610420022     120
CTRIA3    700086     134  420021  730138  420020     100
CTRIA3  10700086     134104200211073013810420020     120
CTRIA3    700087     134  420022  730137  420021     100
CTRIA3  10700087     134104200221073013710420021     120
CTRIA3    700088     134  730136  730137  420022     100
CTRIA3  10700088     134107301361073013710420022     120
CTRIA3    700089     134  730137  730138  420021     100
CTRIA3  10700089     134107301371073013810420021     120
CTRIA3    700090     134  420023  730146  730133     100
CTRIA3  10700090     134104200231073014610730133     120
CTRIA3    700091     134  420024  730146  420023     100
CTRIA3  10700091     134104200241073014610420023     120
CTRIA3    700092     134  420025  730182  420024     100
CTRIA3  10700092     134104200251073018210420024     120
CTRIA3    700093     134  730145  420025  730144     100
CTRIA3  10700093     134107301451042002510730144     120
CTRIA3    700094     134  730146  420024  730182     100
CTRIA3  10700094     134107301461042002410730182     120
CTRIA3    700095     134  420025  730145  730182     100
CTRIA3  10700095     134104200251073014510730182     120
CTRIA3    700096     134  730182  730145  730146     100
CTRIA3  10700096     134107301821073014510730146     120
CTRIA3    700097     134  420026  730144  420025     100
CTRIA3  10700097     134104200261073014410420025     120
CTRIA3    700098     134  730144  420026  730143     100
CTRIA3  10700098     134107301441042002610730143     120
CTRIA3    700099     134  420027  730143  420026     100
CTRIA3  10700099     134104200271073014310420026     120
CTRIA3    700100     134  730143  420027  730142     100
CTRIA3  10700100     134107301431042002710730142     120
CTRIA3    700101     134  420028  730142  420027     100
CTRIA3  10700101     134104200281073014210420027     120
CTRIA3    700102     134  730142  420028  730069     100
CTRIA3  10700102     134107301421042002810730069     120
CTRIA3    700103     134  730017  730157  730016     100
CTRIA3  10700103     134  73001710730157  730016     120
CTRIA3    700104     134  730018  730157  730017     100
CTRIA3  10700104     134  73001810730157  730017     120
CTRIA3    700105     134  730079  730183  730018     100
CTRIA3  10700105     1341073007910730183  730018     120
CTRIA3    700106     134  730156  730079  730155     100
CTRIA3  10700106     134107301561073007910730155     120
CTRIA3    700107     134  730157  730018  730183     100
CTRIA3  10700107     13410730157  73001810730183     120
CTRIA3    700108     134  730079  730156  730183     100
CTRIA3  10700108     134107300791073015610730183     120
CTRIA3    700109     134  730183  730156  730157     100
CTRIA3  10700109     134107301831073015610730157     120
CTRIA3    700110     134  730078  730155  730079     100
CTRIA3  10700110     134107300781073015510730079     120
CTRIA3    700111     134  730077  730184  730078     100
CTRIA3  10700111     134107300771073018410730078     120
CTRIA3    700112     134  730155  730078  730184     100
CTRIA3  10700112     134107301551073007810730184     120
CTRIA3    700113     134  730077  730154  730184     100
CTRIA3  10700113     134107300771073015410730184     120
CTRIA3    700114     134  730184  730154  730155     100
CTRIA3  10700114     134107301841073015410730155     120
CTRIA3    700115     134  420029  730069  420028     100
CTRIA3  10700115     134104200291073006910420028     120
CTRIA3    700116     134  730147  730069  420029     100
CTRIA3  10700116     134107301471073006910420029     120
CTRIA3    700117     134  730069  730147  730070     100
CTRIA3  10700117     134107300691073014710730070     120
CTRIA3    700118     134  730148  730070  730147     100
CTRIA3  10700118     134107301481073007010730147     120
CTRIA3    700119     134  730070  730148  730071     100
CTRIA3  10700119     134107300701073014810730071     120
CTRIA3    700120     134  730149  730071  730148     100
CTRIA3  10700120     134107301491073007110730148     120
CTRIA3    700121     134  730071  730149  730072     100
CTRIA3  10700121     134107300711073014910730072     120
CTRIA3    700122     134  730150  730072  730149     100
CTRIA3  10700122     134107301501073007210730149     120
CTRIA3    700123     134  730072  730150  730073     100
CTRIA3  10700123     134107300721073015010730073     120
CTRIA3    700124     134  730152  730185  730151     100
CTRIA3  10700124     134107301521073018510730151     120
CTRIA3    700125     134  730074  730151  730185     100
CTRIA3  10700125     134107300741073015110730185     120
CTRIA3    700126     134  730152  730075  730185     100
CTRIA3  10700126     134107301521073007510730185     120
CTRIA3    700127     134  730185  730075  730074     100
CTRIA3  10700127     134107301851073007510730074     120
CTRIA3    700128     134  730153  730186  730152     100
CTRIA3  10700128     134107301531073018610730152     120
CTRIA3    700129     134  730153  730154  730077     100
CTRIA3  10700129     134107301531073015410730077     120
CTRIA3    700130     134  730076  730153  730077     100
CTRIA3  10700130     134107300761073015310730077     120
CTRIA3    700131     134  730075  730152  730186     100
CTRIA3  10700131     134107300751073015210730186     120
CTRIA3    700132     134  730153  730076  730186     100
CTRIA3  10700132     134107301531073007610730186     120
CTRIA3    700133     134  730186  730076  730075     100
CTRIA3  10700133     134107301861073007610730075     120
CTRIA3    700134     134  420030  730147  420029     100
CTRIA3  10700134     134104200301073014710420029     120
CTRIA3    700135     134  730158  730147  420030     100
CTRIA3  10700135     134107301581073014710420030     120
CTRIA3    700136     134  730147  730158  730148     100
CTRIA3  10700136     134107301471073015810730148     120
CTRIA3    700137     134  730016  730168  730015     100
CTRIA3  10700137     134  73001610730168  730015     120
CTRIA3    700138     134  730157  730168  730016     100
CTRIA3  10700138     1341073015710730168  730016     120
CTRIA3    700139     134  730168  730157  730167     100
CTRIA3  10700139     134107301681073015710730167     120
CTRIA3    700140     134  730159  730148  730158     100
CTRIA3  10700140     134107301591073014810730158     120
CTRIA3    700141     134  730148  730159  730149     100
CTRIA3  10700141     134107301481073015910730149     120
CTRIA3    700142     134  730160  730149  730159     100
CTRIA3  10700142     134107301601073014910730159     120
CTRIA3    700143     134  730149  730160  730150     100
CTRIA3  10700143     134107301491073016010730150     120
CTRIA3    700144     134  730161  730150  730160     100
CTRIA3  10700144     134107301611073015010730160     120
CTRIA3    700145     134  730150  730161  730151     100
CTRIA3  10700145     134107301501073016110730151     120
CTRIA3    700146     134  730162  730151  730161     100
CTRIA3  10700146     134107301621073015110730161     120
CTRIA3    700147     134  730151  730162  730152     100
CTRIA3  10700147     134107301511073016210730152     120
CTRIA3    700148     134  730163  730152  730162     100
CTRIA3  10700148     134107301631073015210730162     120
CTRIA3    700149     134  730152  730163  730153     100
CTRIA3  10700149     134107301521073016310730153     120
CTRIA3    700150     134  730164  730153  730163     100
CTRIA3  10700150     134107301641073015310730163     120
CTRIA3    700151     134  730153  730164  730154     100
CTRIA3  10700151     134107301531073016410730154     120
CTRIA3    700152     134  730165  730154  730164     100
CTRIA3  10700152     134107301651073015410730164     120
CTRIA3    700153     134  730154  730165  730155     100
CTRIA3  10700153     134107301541073016510730155     120
CTRIA3    700154     134  730166  730155  730165     100
CTRIA3  10700154     134107301661073015510730165     120
CTRIA3    700155     134  730155  730166  730156     100
CTRIA3  10700155     134107301551073016610730156     120
CTRIA3    700156     134  730167  730156  730166     100
CTRIA3  10700156     134107301671073015610730166     120
CTRIA3    700157     134  730156  730167  730157     100
CTRIA3  10700157     134107301561073016710730157     120
CTRIA3    700158     134  420031  730158  420030     100
CTRIA3  10700158     134104200311073015810420030     120
CTRIA3    700159     134   20014  730158  420031     100
CTRIA3  10700159     134100200141073015810420031     120
CTRIA3    700160     134  730158   20014  730159     100
CTRIA3  10700160     134107301581002001410730159     120
CTRIA3    700161     134   30003  730159   20014     100
CTRIA3  10700161     134100300031073015910020014     120
CTRIA3    700162     134  730159   30003  730160     100
CTRIA3  10700162     134107301591003000310730160     120
CTRIA3    700163     134  730160   30003   30004     100
CTRIA3  10700163     134107301601003000310030004     120
CTRIA3    700164     134  730015   30013   30002     100
CTRIA3  10700164     134  73001510030013   30002     120
CTRIA3    700165     134  730168   30013  730015     100
CTRIA3  10700165     1341073016810030013  730015     120
CTRIA3    700166     134   30013  730168   30012     100
CTRIA3  10700166     134100300131073016810030012     120
CTRIA3    700167     134  730167   30012  730168     100
CTRIA3  10700167     134107301671003001210730168     120
CTRIA3    700168     134   30012  730167   30011     100
CTRIA3  10700168     134100300121073016710030011     120
CTRIA3    700169     134  730166   30011  730167     100
CTRIA3  10700169     134107301661003001110730167     120
CTRIA3    700170     134   30011  730166   30010     100
CTRIA3  10700170     134100300111073016610030010     120
CTRIA3    700171     134  730165   30010  730166     100
CTRIA3  10700171     134107301651003001010730166     120
CTRIA3    700172     134   30010  730165   30009     100
CTRIA3  10700172     134100300101073016510030009     120
CTRIA3    700173     134  730164   30009  730165     100
CTRIA3  10700173     134107301641003000910730165     120
CTRIA3    700174     134   30009  730164   30008     100
CTRIA3  10700174     134100300091073016410030008     120
CTRIA3    700175     134  730163   30008  730164     100
CTRIA3  10700175     134107301631003000810730164     120
CTRIA3    700176     134   30008  730163   30007     100
CTRIA3  10700176     134100300081073016310030007     120
CTRIA3    700177     134  730162   30007  730163     100
CTRIA3  10700177     134107301621003000710730163     120
CTRIA3    700178     134   30007  730162   30006     100
CTRIA3  10700178     134100300071073016210030006     120
CTRIA3    700179     134  730161   30006  730162     100
CTRIA3  10700179     134107301611003000610730162     120
CTRIA3    700180     134  730161  730160   30004     100
CTRIA3  10700180     134107301611073016010030004     120
CTRIA3    700181     134   30005  730161   30004     100
CTRIA3  10700181     134100300051073016110030004     120
CTRIA3    700182     134  730161   30005   30006     100
CTRIA3  10700182     134107301611003000510030006     120
CTRIA3    700183     134  730121  730135  730112     100
CTRIA3  10700183     134107301211073013510730112     120
CTRIA3    700184     134  730122  730191  730121     100
CTRIA3  10700184     134107301221073019110730121     120
CTRIA3    700185     134  730123  730190  730122     100
CTRIA3  10700185     134107301231073019010730122     120
CTRIA3    700186     134  730124  730187  730123     100
CTRIA3  10700186     134107301241073018710730123     120
CTRIA3    700187     134  730125  730188  730124     100
CTRIA3  10700187     134107301251073018810730124     120
CTRIA3    700188     134  730126  730189  730125     100
CTRIA3  10700188     134107301261073018910730125     120
CTRIA3    700189     134  730126  730109  730134     100
CTRIA3  10700189     134107301261073010910730134     120
CTRIA3    700190     134  730134  730133  730146     100
CTRIA3  10700190     134107301341073013310730146     120
CTRIA3    700191     134  730126  730134  730189     100
CTRIA3  10700191     134107301261073013410730189     120
CTRIA3    700192     134  730189  730134  730146     100
CTRIA3  10700192     134107301891073013410730146     120
CTRIA3    700193     134  730145  730189  730146     100
CTRIA3  10700193     134107301451073018910730146     120
CTRIA3    700194     134  730144  730188  730145     100
CTRIA3  10700194     134107301441073018810730145     120
CTRIA3    700195     134  730143  730187  730144     100
CTRIA3  10700195     134107301431073018710730144     120
CTRIA3    700196     134  730142  730190  730143     100
CTRIA3  10700196     134107301421073019010730143     120
CTRIA3    700197     134  730069  730191  730142     100
CTRIA3  10700197     134107300691073019110730142     120
CTRIA3    700198     134  730135  730191  730069     100
CTRIA3  10700198     134107301351073019110730069     120
CTRIA3    700199     134  730135  730121  730191     100
CTRIA3  10700199     134107301351073012110730191     120
CTRIA3    700200     134  730191  730122  730190     100
CTRIA3  10700200     134107301911073012210730190     120
CTRIA3    700201     134  730190  730123  730187     100
CTRIA3  10700201     134107301901073012310730187     120
CTRIA3    700202     134  730187  730124  730188     100
CTRIA3  10700202     134107301871073012410730188     120
CTRIA3    700203     134  730188  730125  730189     100
CTRIA3  10700203     134107301881073012510730189     120
CTRIA3    700204     134  730188  730189  730145     100
CTRIA3  10700204     134107301881073018910730145     120
CTRIA3    700205     134  730132  730120  730106     100
CTRIA3  10700205     134107301321073012010730106     120
CTRIA3    700206     134  730131  730200  730132     100
CTRIA3  10700206     134107301311073020010730132     120
CTRIA3    700207     134  730141  730200  730131     100
CTRIA3  10700207     134107301411073020010730131     120
CTRIA3    700208     134  730140  730192  730141     100
CTRIA3  10700208     134107301401073019210730141     120
CTRIA3    700209     134  730139  730193  730140     100
CTRIA3  10700209     134107301391073019310730140     120
CTRIA3    700210     134  730138  730194  730139     100
CTRIA3  10700210     134107301381073019410730139     120
CTRIA3    700211     134  730137  730195  730138     100
CTRIA3  10700211     134107301371073019510730138     120
CTRIA3    700212     134  730136  730196  730137     100
CTRIA3  10700212     134107301361073019610730137     120
CTRIA3    700213     134  730136  730133  730134     100
CTRIA3  10700213     134107301361073013310730134     120
CTRIA3    700214     134  730134  730109  730114     100
CTRIA3  10700214     134107301341073010910730114     120
CTRIA3    700215     134  730115  730196  730114     100
CTRIA3  10700215     134107301151073019610730114     120
CTRIA3    700216     134  730116  730195  730115     100
CTRIA3  10700216     134107301161073019510730115     120
CTRIA3    700217     134  730117  730197  730116     100
CTRIA3  10700217     134107301171073019710730116     120
CTRIA3    700218     134  730118  730198  730117     100
CTRIA3  10700218     134107301181073019810730117     120
CTRIA3    700219     134  730119  730199  730118     100
CTRIA3  10700219     134107301191073019910730118     120
CTRIA3    700220     134  730120  730200  730119     100
CTRIA3  10700220     134107301201073020010730119     120
CTRIA3    700221     134  730132  730200  730120     100
CTRIA3  10700221     134107301321073020010730120     120
CTRIA3    700222     134  730129  730131  730132     100
CTRIA3  10700222     134107301291073013110730132     120
CTRIA3    700223     134  730129  730132  730130     100
CTRIA3  10700223     134107301291073013210730130     120
CTRIA3    700224     134  730103  730130  730106     100
CTRIA3  10700224     134107301031073013010730106     120
CTRIA3    700225     134  730106  730130  730132     100
CTRIA3  10700225     134107301061073013010730132     120
CTRIA3    700226     134  730130  730127  730129     100
CTRIA3  10700226     134107301301073012710730129     120
CTRIA3    700227     134  730127  730130  730128     100
CTRIA3  10700227     134107301271073013010730128     120
CTRIA3    700228     134  730103  730128  730130     100
CTRIA3  10700228     134107301031073012810730130     120
CTRIA3    700229     134  730128  730103  730100     100
CTRIA3  10700229     134107301281073010310730100     120
CTRIA3    700230     134  730128   30051  730127     100
CTRIA3  10700230     134107301281003005110730127     120
CTRIA3    700231     134   30051  730128   30050     100
CTRIA3  10700231     134100300511073012810030050     120
CTRIA3    700232     134  730100   30050  730128     100
CTRIA3  10700232     134107301001003005010730128     120
CTRIA3    700233     134   30050  730100   30049     100
CTRIA3  10700233     134100300501073010010030049     120
CTRIA3    700234     134  730070  730135  730069     100
CTRIA3  10700234     134107300701073013510730069     120
CTRIA3    700235     134  730071  730201  730070     100
CTRIA3  10700235     134107300711073020110730070     120
CTRIA3    700236     134  730072  730202  730071     100
CTRIA3  10700236     134107300721073020210730071     120
CTRIA3    700237     134  730073  730203  730072     100
CTRIA3  10700237     134107300731073020310730072     120
CTRIA3    700238     134  730074  730204  730073     100
CTRIA3  10700238     134107300741073020410730073     120
CTRIA3    700239     134  730075  730205  730074     100
CTRIA3  10700239     134107300751073020510730074     120
CTRIA3    700240     134  730076  730206  730075     100
CTRIA3  10700240     134107300761073020610730075     120
CTRIA3    700241     134  730077  730207  730076     100
CTRIA3  10700241     134107300771073020710730076     120
CTRIA3    700242     134  730078  730208  730077     100
CTRIA3  10700242     134107300781073020810730077     120
CTRIA3    700243     134  730078  730020  730208     100
CTRIA3  10700243     13410730078  73002010730208     120
CTRIA3    700244     134  730019  730079  730018     100
CTRIA3  10700244     134  73001910730079  730018     120
CTRIA3    700245     134  730020  730078  730019     100
CTRIA3  10700245     134  73002010730078  730019     120
CTRIA3    700246     134  730019  730078  730079     100
CTRIA3  10700246     134  7300191073007810730079     120
CTRIA3    700247     134  730021  730208  730020     100
CTRIA3  10700247     134  73002110730208  730020     120
CTRIA3    700248     134  730077  730208  730207     100
CTRIA3  10700248     134107300771073020810730207     120
CTRIA3    700249     134  730207  730208  730021     100
CTRIA3  10700249     1341073020710730208  730021     120
CTRIA3    700250     134  730022  730207  730021     100
CTRIA3  10700250     134  73002210730207  730021     120
CTRIA3    700251     134  730023  730206  730022     100
CTRIA3  10700251     134  73002310730206  730022     120
CTRIA3    700252     134  730024  730209  730023     100
CTRIA3  10700252     134  73002410730209  730023     120
CTRIA3    700253     134  730025  730210  730024     100
CTRIA3  10700253     134  73002510730210  730024     120
CTRIA3    700254     134  730111  730210  730025     100
CTRIA3  10700254     1341073011110730210  730025     120
CTRIA3    700255     134  730091  730211  730111     100
CTRIA3  10700255     134107300911073021110730111     120
CTRIA3    700256     134  730113  730212  730091     100
CTRIA3  10700256     134107301131073021210730091     120
CTRIA3    700257     134  730112  730226  730113     100
CTRIA3  10700257     134107301121073022610730113     120
CTRIA3    700258     134  730201  730071  730202     100
CTRIA3  10700258     134107302011073007110730202     120
CTRIA3    700259     134  730203  730073  730204     100
CTRIA3  10700259     134107302031073007310730204     120
CTRIA3    700260     134  730204  730074  730205     100
CTRIA3  10700260     134107302041073007410730205     120
CTRIA3    700261     134  730205  730075  730206     100
CTRIA3  10700261     134107302051073007510730206     120
CTRIA3    700262     134  730206  730076  730207     100
CTRIA3  10700262     134107302061073007610730207     120
CTRIA3    700263     134  730206  730207  730022     100
CTRIA3  10700263     1341073020610730207  730022     120
CTRIA3    700264     134  730135  730201  730112     100
CTRIA3  10700264     134107301351073020110730112     120
CTRIA3    700265     134  730201  730135  730070     100
CTRIA3  10700265     134107302011073013510730070     120
CTRIA3    700266     134  730092  730113  730091     100
CTRIA3  10700266     134107300921073011310730091     120
CTRIA3    700267     134  730093  730213  730092     100
CTRIA3  10700267     134107300931073021310730092     120
CTRIA3    700268     134  730094  730214  730093     100
CTRIA3  10700268     134107300941073021410730093     120
CTRIA3    700269     134  730095  730215  730094     100
CTRIA3  10700269     134107300951073021510730094     120
CTRIA3    700270     134  730096  730216  730095     100
CTRIA3  10700270     134107300961073021610730095     120
CTRIA3    700271     134  730097  730217  730096     100
CTRIA3  10700271     134107300971073021710730096     120
CTRIA3    700272     134  730098  730218  730097     100
CTRIA3  10700272     134107300981073021810730097     120
CTRIA3    700273     134  730098  730083  730110     100
CTRIA3  10700273     134107300981073008310730110     120
CTRIA3    700274     134  730110  730109  730126     100
CTRIA3  10700274     134107301101073010910730126     120
CTRIA3    700275     134  730098  730110  730218     100
CTRIA3  10700275     134107300981073011010730218     120
CTRIA3    700276     134  730218  730110  730126     100
CTRIA3  10700276     134107302181073011010730126     120
CTRIA3    700277     134  730125  730218  730126     100
CTRIA3  10700277     134107301251073021810730126     120
CTRIA3    700278     134  730097  730218  730217     100
CTRIA3  10700278     134107300971073021810730217     120
CTRIA3    700279     134  730217  730218  730125     100
CTRIA3  10700279     134107302171073021810730125     120
CTRIA3    700280     134  730124  730217  730125     100
CTRIA3  10700280     134107301241073021710730125     120
CTRIA3    700281     134  730096  730217  730216     100
CTRIA3  10700281     134107300961073021710730216     120
CTRIA3    700282     134  730216  730217  730124     100
CTRIA3  10700282     134107302161073021710730124     120
CTRIA3    700283     134  730123  730216  730124     100
CTRIA3  10700283     134107301231073021610730124     120
CTRIA3    700284     134  730095  730216  730215     100
CTRIA3  10700284     134107300951073021610730215     120
CTRIA3    700285     134  730215  730216  730123     100
CTRIA3  10700285     134107302151073021610730123     120
CTRIA3    700286     134  730122  730215  730123     100
CTRIA3  10700286     134107301221073021510730123     120
CTRIA3    700287     134  730094  730215  730214     100
CTRIA3  10700287     134107300941073021510730214     120
CTRIA3    700288     134  730214  730215  730122     100
CTRIA3  10700288     134107302141073021510730122     120
CTRIA3    700289     134  730121  730214  730122     100
CTRIA3  10700289     134107301211073021410730122     120
CTRIA3    700290     134  730093  730214  730213     100
CTRIA3  10700290     134107300931073021410730213     120
CTRIA3    700291     134  730213  730214  730121     100
CTRIA3  10700291     134107302131073021410730121     120
CTRIA3    700292     134  730112  730213  730121     100
CTRIA3  10700292     134107301121073021310730121     120
CTRIA3    700293     134  730113  730213  730112     100
CTRIA3  10700293     134107301131073021310730112     120
CTRIA3    700294     134  730213  730113  730092     100
CTRIA3  10700294     134107302131073011310730092     120
CTRIA3    700295     134  730107  730090  730082     100
CTRIA3  10700295     134107301071073009010730082     120
CTRIA3    700296     134  730106  730219  730107     100
CTRIA3  10700296     134107301061073021910730107     120
CTRIA3    700297     134  730120  730219  730106     100
CTRIA3  10700297     134107301201073021910730106     120
CTRIA3    700298     134  730119  730220  730120     100
CTRIA3  10700298     134107301191073022010730120     120
CTRIA3    700299     134  730118  730221  730119     100
CTRIA3  10700299     134107301181073022110730119     120
CTRIA3    700300     134  730117  730222  730118     100
CTRIA3  10700300     134107301171073022210730118     120
CTRIA3    700301     134  730116  730223  730117     100
CTRIA3  10700301     134107301161073022310730117     120
CTRIA3    700302     134  730115  730224  730116     100
CTRIA3  10700302     134107301151073022410730116     120
CTRIA3    700303     134  730114  730225  730115     100
CTRIA3  10700303     134107301141073022510730115     120
CTRIA3    700304     134  730114  730109  730110     100
CTRIA3  10700304     134107301141073010910730110     120
CTRIA3    700305     134  730110  730083  730084     100
CTRIA3  10700305     134107301101073008310730084     120
CTRIA3    700306     134  730114  730110  730225     100
CTRIA3  10700306     134107301141073011010730225     120
CTRIA3    700307     134  730225  730110  730084     100
CTRIA3  10700307     134107302251073011010730084     120
CTRIA3    700308     134  730085  730225  730084     100
CTRIA3  10700308     134107300851073022510730084     120
CTRIA3    700309     134  730115  730225  730224     100
CTRIA3  10700309     134107301151073022510730224     120
CTRIA3    700310     134  730224  730225  730085     100
CTRIA3  10700310     134107302241073022510730085     120
CTRIA3    700311     134  730086  730224  730085     100
CTRIA3  10700311     134107300861073022410730085     120
CTRIA3    700312     134  730116  730224  730223     100
CTRIA3  10700312     134107301161073022410730223     120
CTRIA3    700313     134  730223  730224  730086     100
CTRIA3  10700313     134107302231073022410730086     120
CTRIA3    700314     134  730087  730223  730086     100
CTRIA3  10700314     134107300871073022310730086     120
CTRIA3    700315     134  730117  730223  730222     100
CTRIA3  10700315     134107301171073022310730222     120
CTRIA3    700316     134  730222  730223  730087     100
CTRIA3  10700316     134107302221073022310730087     120
CTRIA3    700317     134  730088  730222  730087     100
CTRIA3  10700317     134107300881073022210730087     120
CTRIA3    700318     134  730118  730222  730221     100
CTRIA3  10700318     134107301181073022210730221     120
CTRIA3    700319     134  730221  730222  730088     100
CTRIA3  10700319     134107302211073022210730088     120
CTRIA3    700320     134  730089  730221  730088     100
CTRIA3  10700320     134107300891073022110730088     120
CTRIA3    700321     134  730219  730120  730220     100
CTRIA3  10700321     134107302191073012010730220     120
CTRIA3    700322     134  730220  730119  730221     100
CTRIA3  10700322     134107302201073011910730221     120
CTRIA3    700323     134  730221  730089  730220     100
CTRIA3  10700323     134107302211073008910730220     120
CTRIA3    700324     134  730220  730089  730219     100
CTRIA3  10700324     134107302201073008910730219     120
CTRIA3    700325     134  730090  730219  730089     100
CTRIA3  10700325     134107300901073021910730089     120
CTRIA3    700326     134  730219  730090  730107     100
CTRIA3  10700326     134107302191073009010730107     120
CTRIA3    700327     134  730103  730106  730107     100
CTRIA3  10700327     134107301031073010610730107     120
CTRIA3    700328     134  730103  730107  730104     100
CTRIA3  10700328     134107301031073010710730104     120
CTRIA3    700329     134  730081  730104  730082     100
CTRIA3  10700329     134107300811073010410730082     120
CTRIA3    700330     134  730082  730104  730107     100
CTRIA3  10700330     134107300821073010410730107     120
CTRIA3    700331     134  730104  730100  730103     100
CTRIA3  10700331     134107301041073010010730103     120
CTRIA3    700332     134  730081  730101  730104     100
CTRIA3  10700332     134107300811073010110730104     120
CTRIA3    700333     134  730080  730101  730081     100
CTRIA3  10700333     134107300801073010110730081     120
CTRIA3    700334     134  730100  730104  730101     100
CTRIA3  10700334     134107301001073010410730101     120
CTRIA3    700335     134  730101   30049  730100     100
CTRIA3  10700335     134107301011003004910730100     120
CTRIA3    700336     134  730080   30048  730101     100
CTRIA3  10700336     134107300801003004810730101     120
CTRIA3    700337     134   30047   30048  730080     100
CTRIA3  10700337     134100300471003004810730080     120
CTRIA3    700338     134   30049  730101   30048     100
CTRIA3  10700338     134100300491073010110030048     120
CTRIA3    700339     134  730180  730111  730026     100
CTRIA3  10700339     1341073018010730111  730026     120
CTRIA3    700340     134  730028  730179  730181     100
CTRIA3  10700340     134  7300281073017910730181     120
CTRIA3    700341     134  730181  730179  730094     100
CTRIA3  10700341     134107301811073017910730094     120
CTRIA3    700342     134  730180  730027  730181     100
CTRIA3  10700342     13410730180  73002710730181     120
CTRIA3    700343     134  730181  730093  730180     100
CTRIA3  10700343     134107301811073009310730180     120
CTRIA3    700344     134  730188  730144  730187     100
CTRIA3  10700344     134107301881073014410730187     120
CTRIA3    700345     134  730187  730143  730190     100
CTRIA3  10700345     134107301871073014310730190     120
CTRIA3    700346     134  730190  730142  730191     100
CTRIA3  10700346     134107301901073014210730191     120
CTRIA3    700347     134  730200  730141  730192     100
CTRIA3  10700347     134107302001073014110730192     120
CTRIA3    700348     134  730192  730140  730193     100
CTRIA3  10700348     134107301921073014010730193     120
CTRIA3    700349     134  730193  730139  730194     100
CTRIA3  10700349     134107301931073013910730194     120
CTRIA3    700350     134  730194  730138  730195     100
CTRIA3  10700350     134107301941073013810730195     120
CTRIA3    700351     134  730195  730137  730196     100
CTRIA3  10700351     134107301951073013710730196     120
CTRIA3    700352     134  730196  730136  730134     100
CTRIA3  10700352     134107301961073013610730134     120
CTRIA3    700353     134  730196  730134  730114     100
CTRIA3  10700353     134107301961073013410730114     120
CTRIA3    700354     134  730195  730196  730115     100
CTRIA3  10700354     134107301951073019610730115     120
CTRIA3    700355     134  730195  730116  730197     100
CTRIA3  10700355     134107301951073011610730197     120
CTRIA3    700356     134  730197  730117  730198     100
CTRIA3  10700356     134107301971073011710730198     120
CTRIA3    700357     134  730198  730118  730199     100
CTRIA3  10700357     134107301981073011810730199     120
CTRIA3    700358     134  730199  730119  730200     100
CTRIA3  10700358     134107301991073011910730200     120
CTRIA3    700359     134  730206  730023  730209     100
CTRIA3  10700359     13410730206  73002310730209     120
CTRIA3    700360     134  730209  730024  730210     100
CTRIA3  10700360     13410730209  73002410730210     120
CTRIA3    700361     134  730210  730111  730211     100
CTRIA3  10700361     134107302101073011110730211     120
CTRIA3    700362     134  730211  730091  730212     100
CTRIA3  10700362     134107302111073009110730212     120
CTRIA3    700363     134  730229  730226  730202     100
CTRIA3  10700363     134107302291073022610730202     120
CTRIA3    700364     134  730229  730212  730226     100
CTRIA3  10700364     134107302291073021210730226     120
CTRIA3    700365     134  730229  730227  730212     100
CTRIA3  10700365     134107302291073022710730212     120
CTRIA3    700366     134  730227  730203  730204     100
CTRIA3  10700366     134107302271073020310730204     120
CTRIA3    700367     134  730204  730228  730227     100
CTRIA3  10700367     134107302041073022810730227     120
CTRIA3    700368     134  730228  730204  730205     100
CTRIA3  10700368     134107302281073020410730205     120
CTRIA3    700369     134  730227  730211  730212     100
CTRIA3  10700369     134107302271073021110730212     120
CTRIA3    700370     134  730211  730227  730228     100
CTRIA3  10700370     134107302111073022710730228     120
CTRIA3    700371     134  730228  730210  730211     100
CTRIA3  10700371     134107302281073021010730211     120
CTRIA3    700372     134  730210  730228  730209     100
CTRIA3  10700372     134107302101073022810730209     120
CTRIA3    700373     134  730229  730072  730203     100
CTRIA3  10700373     134107302291073007210730203     120
CTRIA3    700374     134  730072  730229  730202     100
CTRIA3  10700374     134107300721073022910730202     120
CTRIA3    700375     134  730113  730226  730212     100
CTRIA3  10700375     134107301131073022610730212     120
CTRIA3    700376     134  730201  730202  730112     100
CTRIA3  10700376     134107302011073020210730112     120
CTRIA3    700377     134  730112  730202  730226     100
CTRIA3  10700377     134107301121073020210730226     120
CTRIA3    700378     134  730206  730209  730205     100
CTRIA3  10700378     134107302061073020910730205     120
CTRIA3    700379     134  730205  730209  730228     100
CTRIA3  10700379     134107302051073020910730228     120
CTRIA3    700380     134  730192  730199  730200     100
CTRIA3  10700380     134107301921073019910730200     120
CTRIA3    700381     134  730199  730192  730193     100
CTRIA3  10700381     134107301991073019210730193     120
CTRIA3    700382     134  730193  730198  730199     100
CTRIA3  10700382     134107301931073019810730199     120
CTRIA3    700383     134  730198  730193  730194     100
CTRIA3  10700383     134107301981073019310730194     120
CTRIA3    700384     134  730194  730197  730198     100
CTRIA3  10700384     134107301941073019710730198     120
CTRIA3    700385     134  730197  730194  730195     100
CTRIA3  10700385     134107301971073019410730195     120
CTRIA3    700386     134  730227  730229  730203     100
CTRIA3  10700386     134107302271073022910730203     120
CTRIA3    700387     134  730151  730074  730150     100
CTRIA3  10700387     134107301511073007410730150     120
CTRIA3    700388     134  730073  730150  730074     100
CTRIA3  10700388     134107300731073015010730074     120
