CTRIA3    630001     122  615001  420150   20040     103
CTRIA3  10630001     122106150011042015010020040     123
CTRIA3    630002     122   20040  520150  615001     103
CTRIA3  10630002     122100200401052015010615001     123
CTRIA3    630003     122  520146  520084  608401     103
CTRIA3  10630003     122105201461052008410608401     123
CTRIA3    630004     122  608401  614601  520146     103
CTRIA3  10630004     122106084011061460110520146     123
CTRIA3    630005     122  520146  614601  615201     103
CTRIA3  10630005     122105201461061460110615201     123
CTRIA3    630006     122  615201  520152  520146     103
CTRIA3  10630006     122106152011052015210520146     123
CTRIA3    630007     122  520151  520152  615201     103
CTRIA3  10630007     122105201511052015210615201     123
CTRIA3    630008     122  615201  615101  520151     103
CTRIA3  10630008     122106152011061510110520151     123
CTRIA3    630009     122  420146  614601  608401     103
CTRIA3  10630009     122104201461061460110608401     123
CTRIA3    630010     122  608401  420084  420146     103
CTRIA3  10630010     122106084011042008410420146     123
CTRIA3    630011     122  615201  614601  420146     103
CTRIA3  10630011     122106152011061460110420146     123
CTRIA3    630012     122  420146  420152  615201     103
CTRIA3  10630012     122104201461042015210615201     123
CTRIA3    630013     122  614701  615101  420151     103
CTRIA3  10630013     122106147011061510110420151     123
CTRIA3    630014     122  420151  420147  614701     103
CTRIA3  10630014     122104201511042014710614701     123
CTRIA3    630015     122  420151  615101  615201     103
CTRIA3  10630015     122104201511061510110615201     123
CTRIA3    630016     122  615201  420152  420151     103
CTRIA3  10630016     122106152011042015210420151     123
CTRIA3    630017     122  520148  520153  615301     103
CTRIA3  10630017     122105201481052015310615301     123
CTRIA3    630018     122  615301  614801  520148     103
CTRIA3  10630018     122106153011061480110520148     123
CTRIA3    630019     122  615301  420153  420148     103
CTRIA3  10630019     122106153011042015310420148     123
CTRIA3    630020     122  420148  614801  615301     103
CTRIA3  10630020     122104201481061480110615301     123
CTRIA3    630021     122  420147  420153  615301     103
CTRIA3  10630021     122104201471042015310615301     123
CTRIA3    630022     122  614701  420147  615301     103
CTRIA3  10630022     122106147011042014710615301     123
CTRIA3    630023     122  520147  615301  520153     103
CTRIA3  10630023     122105201471061530110520153     123
CTRIA3    630024     122  614701  615301  520147     103
CTRIA3  10630024     122106147011061530110520147     123
CTRIA3    630025     122  520147  520151  615101     103
CTRIA3  10630025     122105201471052015110615101     123
CTRIA3    630026     122  520147  615101  614701     103
CTRIA3  10630026     122105201471061510110614701     123
CTRIA3    630027     122  420149  614801  420148     103
CTRIA3  10630027     122104201491061480110420148     123
CTRIA3    630028     122  420149  614901  614801     103
CTRIA3  10630028     122104201491061490110614801     123
CTRIA3    630029     122  420150  615001  420149     103
CTRIA3  10630029     122104201501061500110420149     123
CTRIA3    630030     122  420149  615001  614901     103
CTRIA3  10630030     122104201491061500110614901     123
CTRIA3    630031     122  520148  614801  520149     103
CTRIA3  10630031     122105201481061480110520149     123
CTRIA3    630032     122  614801  614901  520149     103
CTRIA3  10630032     122106148011061490110520149     123
CTRIA3    630033     122  614901  615001  520149     103
CTRIA3  10630033     122106149011061500110520149     123
CTRIA3    630034     122  520149  615001  520150     103
CTRIA3  10630034     122105201491061500110520150     123
CTRIA3    630035     122   20038  520130  613001     103
CTRIA3  10630035     122100200381052013010613001     123
CTRIA3    630036     122  613001  420130   20038     103
CTRIA3  10630036     122106130011042013010020038     123
CTRIA3    630037     122  520131  520132  613101     103
CTRIA3  10630037     122105201311052013210613101     123
CTRIA3    630038     122  613101  520132  613201     103
CTRIA3  10630038     122106131011052013210613201     123
CTRIA3    630039     122  420134  613401  420135     103
CTRIA3  10630039     122104201341061340110420135     123
CTRIA3    630040     122  420135  613401  613501     103
CTRIA3  10630040     122104201351061340110613501     123
CTRIA3    630041     122  613201  520132  520133     103
CTRIA3  10630041     122106132011052013210520133     123
CTRIA3    630042     122  520133  613301  613201     103
CTRIA3  10630042     122105201331061330110613201     123
CTRIA3    630043     122  608001  420080  420126     103
CTRIA3  10630043     122106080011042008010420126     123
CTRIA3    630044     122  420126  612601  608001     103
CTRIA3  10630044     122104201261061260110608001     123
CTRIA3    630045     122  613301  612601  420126     103
CTRIA3  10630045     122106133011061260110420126     123
CTRIA3    630046     122  420126  420133  613301     103
CTRIA3  10630046     122104201261042013310613301     123
CTRIA3    630047     122  420132  613101  613201     103
CTRIA3  10630047     122104201321061310110613201     123
CTRIA3    630048     122  420131  613101  420132     103
CTRIA3  10630048     122104201311061310110420132     123
CTRIA3    630049     122  613201  613301  420132     103
CTRIA3  10630049     122106132011061330110420132     123
CTRIA3    630050     122  613301  420133  420132     103
CTRIA3  10630050     122106133011042013310420132     123
CTRIA3    630051     122  420127  613101  420131     103
CTRIA3  10630051     122104201271061310110420131     123
CTRIA3    630052     122  612701  613101  420127     103
CTRIA3  10630052     122106127011061310110420127     123
CTRIA3    630053     122  420127  420135  613501     103
CTRIA3  10630053     122104201271042013510613501     123
CTRIA3    630054     122  420127  613501  612701     103
CTRIA3  10630054     122104201271061350110612701     123
CTRIA3    630055     122  613501  613401  520134     103
CTRIA3  10630055     122106135011061340110520134     123
CTRIA3    630056     122  520134  520135  613501     103
CTRIA3  10630056     122105201341052013510613501     123
CTRIA3    630057     122  520131  613101  520127     103
CTRIA3  10630057     122105201311061310110520127     123
CTRIA3    630058     122  520127  613101  612701     103
CTRIA3  10630058     122105201271061310110612701     123
CTRIA3    630059     122  612701  613501  520127     103
CTRIA3  10630059     122106127011061350110520127     123
CTRIA3    630060     122  613501  520135  520127     103
CTRIA3  10630060     122106135011052013510520127     123
CTRIA3    630061     122  608001  612601  520126     103
CTRIA3  10630061     122106080011061260110520126     123
CTRIA3    630062     122  520126  520080  608001     103
CTRIA3  10630062     122105201261052008010608001     123
CTRIA3    630063     122  613301  520133  520126     103
CTRIA3  10630063     122106133011052013310520126     123
CTRIA3    630064     122  520126  612601  613301     103
CTRIA3  10630064     122105201261061260110613301     123
CTRIA3    630065     122  612801  520129  520128     103
CTRIA3  10630065     122106128011052012910520128     123
CTRIA3    630066     122  612901  520129  612801     103
CTRIA3  10630066     122106129011052012910612801     123
CTRIA3    630067     122  420128  420129  612801     103
CTRIA3  10630067     122104201281042012910612801     123
CTRIA3    630068     122  612801  420129  612901     103
CTRIA3  10630068     122106128011042012910612901     123
CTRIA3    630069     122  520128  520134  612801     103
CTRIA3  10630069     122105201281052013410612801     123
CTRIA3    630070     122  612801  520134  613401     103
CTRIA3  10630070     122106128011052013410613401     123
CTRIA3    630071     122  420134  420128  612801     103
CTRIA3  10630071     122104201341042012810612801     123
CTRIA3    630072     122  612801  613401  420134     103
CTRIA3  10630072     122106128011061340110420134     123
CTRIA3    630073     122  520130  520129  613001     103
CTRIA3  10630073     122105201301052012910613001     123
CTRIA3    630074     122  613001  520129  612901     103
CTRIA3  10630074     122106130011052012910612901     123
CTRIA3    630075     122  613001  420129  420130     103
CTRIA3  10630075     122106130011042012910420130     123
CTRIA3    630076     122  612901  420129  613001     103
CTRIA3  10630076     122106129011042012910613001     123
CTRIA3    630077     122   20036  520104  610401     103
CTRIA3  10630077     122100200361052010410610401     123
CTRIA3    630078     122   20036  610401  420104     103
CTRIA3  10630078     122100200361061040110420104     123
CTRIA3    630079     122  520070  520076  607001     103
CTRIA3  10630079     122105200701052007610607001     123
CTRIA3    630080     122  607001  520076  607601     103
CTRIA3  10630080     122106070011052007610607601     123
CTRIA3    630081     122  610701  610601  520107     103
CTRIA3  10630081     122106107011061060110520107     123
CTRIA3    630082     122  520107  610601  520106     103
CTRIA3  10630082     122105201071061060110520106     123
CTRIA3    630083     122  520105  610601  610501     103
CTRIA3  10630083     122105201051061060110610501     123
CTRIA3    630084     122  520106  610601  520105     103
CTRIA3  10630084     122105201061061060110520105     123
CTRIA3    630085     122  520108  607001  610801     103
CTRIA3  10630085     122105201081060700110610801     123
CTRIA3    630086     122  520070  607001  520108     103
CTRIA3  10630086     122105200701060700110520108     123
CTRIA3    630087     122  520108  610801  610701     103
CTRIA3  10630087     122105201081061080110610701     123
CTRIA3    630088     122  610701  520107  520108     103
CTRIA3  10630088     122106107011052010710520108     123
CTRIA3    630089     122  610301  610401  520103     103
CTRIA3  10630089     122106103011061040110520103     123
CTRIA3    630090     122  520103  610401  520104     103
CTRIA3  10630090     122105201031061040110520104     123
CTRIA3    630091     122  610201  610301  520103     103
CTRIA3  10630091     122106102011061030110520103     123
CTRIA3    630092     122  520103  520102  610201     103
CTRIA3  10630092     122105201031052010210610201     123
CTRIA3    630093     122  520111  611101  611001     103
CTRIA3  10630093     122105201111061110110611001     123
CTRIA3    630094     122  520111  611001  520110     103
CTRIA3  10630094     122105201111061100110520110     123
CTRIA3    630095     122  520111  611201  611101     103
CTRIA3  10630095     122105201111061120110611101     123
CTRIA3    630096     122  520111  520112  611201     103
CTRIA3  10630096     122105201111052011210611201     123
CTRIA3    630097     122  520101  610501  610101     103
CTRIA3  10630097     122105201011061050110610101     123
CTRIA3    630098     122  520101  520105  610501     103
CTRIA3  10630098     122105201011052010510610501     123
CTRIA3    630099     122  610101  611201  520101     103
CTRIA3  10630099     122106101011061120110520101     123
CTRIA3    630100     122  611201  520112  520101     103
CTRIA3  10630100     122106112011052011210520101     123
CTRIA3    630101     122  610901  520109  520110     103
CTRIA3  10630101     122106109011052010910520110     123
CTRIA3    630102     122  520110  611001  610901     103
CTRIA3  10630102     122105201101061100110610901     123
CTRIA3    630103     122  610201  520102  610901     103
CTRIA3  10630103     122106102011052010210610901     123
CTRIA3    630104     122  520102  520109  610901     103
CTRIA3  10630104     122105201021052010910610901     123
CTRIA3    630105     122  420076  607001  607601     103
CTRIA3  10630105     122104200761060700110607601     123
CTRIA3    630106     122  420076  420070  607001     103
CTRIA3  10630106     122104200761042007010607001     123
CTRIA3    630107     122  420104  610401  610301     103
CTRIA3  10630107     122104201041061040110610301     123
CTRIA3    630108     122  610301  420103  420104     103
CTRIA3  10630108     122106103011042010310420104     123
CTRIA3    630109     122  420102  610301  610201     103
CTRIA3  10630109     122104201021061030110610201     123
CTRIA3    630110     122  420102  420103  610301     103
CTRIA3  10630110     122104201021042010310610301     123
CTRIA3    630111     122  610201  610901  420109     103
CTRIA3  10630111     122106102011061090110420109     123
CTRIA3    630112     122  420109  420102  610201     103
CTRIA3  10630112     122104201091042010210610201     123
CTRIA3    630113     122  420110  610901  611001     103
CTRIA3  10630113     122104201101061090110611001     123
CTRIA3    630114     122  420110  420109  610901     103
CTRIA3  10630114     122104201101042010910610901     123
CTRIA3    630115     122  611001  611101  420110     103
CTRIA3  10630115     122106110011061110110420110     123
CTRIA3    630116     122  611101  420111  420110     103
CTRIA3  10630116     122106111011042011110420110     123
CTRIA3    630117     122  611101  611201  420112     103
CTRIA3  10630117     122106111011061120110420112     123
CTRIA3    630118     122  420112  420111  611101     103
CTRIA3  10630118     122104201121042011110611101     123
CTRIA3    630119     122  420101  611201  610101     103
CTRIA3  10630119     122104201011061120110610101     123
CTRIA3    630120     122  420101  420112  611201     103
CTRIA3  10630120     122104201011042011210611201     123
CTRIA3    630121     122  610101  610501  420105     103
CTRIA3  10630121     122106101011061050110420105     123
CTRIA3    630122     122  420105  420101  610101     103
CTRIA3  10630122     122104201051042010110610101     123
CTRIA3    630123     122  610501  610601  420105     103
CTRIA3  10630123     122106105011061060110420105     123
CTRIA3    630124     122  610601  420106  420105     103
CTRIA3  10630124     122106106011042010610420105     123
CTRIA3    630125     122  610801  607001  420108     103
CTRIA3  10630125     122106108011060700110420108     123
CTRIA3    630126     122  607001  420070  420108     103
CTRIA3  10630126     122106070011042007010420108     123
CTRIA3    630127     122  420107  610601  610701     103
CTRIA3  10630127     122104201071061060110610701     123
CTRIA3    630128     122  420107  420106  610601     103
CTRIA3  10630128     122104201071042010610610601     123
CTRIA3    630129     122  610701  610801  420107     103
CTRIA3  10630129     122106107011061080110420107     123
CTRIA3    630130     122  610801  420108  420107     103
CTRIA3  10630130     122106108011042010810420107     123
CTRIA3    630131     122  609201  420092   20033     103
CTRIA3  10630131     122106092011042009210020033     123
CTRIA3    630132     122   20033  520092  609201     103
CTRIA3  10630132     122100200331052009210609201     123
CTRIA3    630133     122  420053  605301  420058     103
CTRIA3  10630133     122104200531060530110420058     123
CTRIA3    630134     122  420058  605301  605801     103
CTRIA3  10630134     122104200581060530110605801     123
CTRIA3    630135     122  420061  420060  606001     103
CTRIA3  10630135     122104200611042006010606001     123
CTRIA3    630136     122  606001  606101  420061     103
CTRIA3  10630136     122106060011060610110420061     123
CTRIA3    630137     122  605801  605301  520058     103
CTRIA3  10630137     122106058011060530110520058     123
CTRIA3    630138     122  520058  605301  520053     103
CTRIA3  10630138     122105200581060530110520053     123
CTRIA3    630139     122  520061  606101  606001     103
CTRIA3  10630139     122105200611060610110606001     123
CTRIA3    630140     122  606001  520060  520061     103
CTRIA3  10630140     122106060011052006010520061     123
CTRIA3    630141     122  607201  420072  420057     103
CTRIA3  10630141     122106072011042007210420057     123
CTRIA3    630142     122  420057  605701  607201     103
CTRIA3  10630142     122104200571060570110607201     123
CTRIA3    630143     122  420057  420061  606101     103
CTRIA3  10630143     122104200571042006110606101     123
CTRIA3    630144     122  606101  605701  420057     103
CTRIA3  10630144     122106061011060570110420057     123
CTRIA3    630145     122  607201  605701  520057     103
CTRIA3  10630145     122106072011060570110520057     123
CTRIA3    630146     122  520057  520072  607201     103
CTRIA3  10630146     122105200571052007210607201     123
CTRIA3    630147     122  606101  520061  520057     103
CTRIA3  10630147     122106061011052006110520057     123
CTRIA3    630148     122  520057  605701  606101     103
CTRIA3  10630148     122105200571060570110606101     123
CTRIA3    630149     122  606301  420062  606201     103
CTRIA3  10630149     122106063011042006210606201     123
CTRIA3    630150     122  606301  420063  420062     103
CTRIA3  10630150     122106063011042006310420062     123
CTRIA3    630151     122  606301  605301  420053     103
CTRIA3  10630151     122106063011060530110420053     123
CTRIA3    630152     122  420053  420063  606301     103
CTRIA3  10630152     122104200531042006310606301     123
CTRIA3    630153     122  420086  420085  608601     103
CTRIA3  10630153     122104200861042008510608601     123
CTRIA3    630154     122  608601  420085  608501     103
CTRIA3  10630154     122106086011042008510608501     123
CTRIA3    630155     122  520085  608601  608501     103
CTRIA3  10630155     122105200851060860110608501     123
CTRIA3    630156     122  520086  608601  520085     103
CTRIA3  10630156     122105200861060860110520085     123
CTRIA3    630157     122  605901  520060  606001     103
CTRIA3  10630157     122106059011052006010606001     123
CTRIA3    630158     122  605901  520059  520060     103
CTRIA3  10630158     122106059011052005910520060     123
CTRIA3    630159     122  605801  520058  605901     103
CTRIA3  10630159     122106058011052005810605901     123
CTRIA3    630160     122  520058  520059  605901     103
CTRIA3  10630160     122105200581052005910605901     123
CTRIA3    630161     122  606001  420060  605901     103
CTRIA3  10630161     122106060011042006010605901     123
CTRIA3    630162     122  420060  420059  605901     103
CTRIA3  10630162     122104200601042005910605901     123
CTRIA3    630163     122  605901  420058  605801     103
CTRIA3  10630163     122106059011042005810605801     123
CTRIA3    630164     122  605901  420059  420058     103
CTRIA3  10630164     122106059011042005910420058     123
CTRIA3    630165     122  608801  608901  420088     103
CTRIA3  10630165     122106088011060890110420088     123
CTRIA3    630166     122  420088  608901  420089     103
CTRIA3  10630166     122104200881060890110420089     123
CTRIA3    630167     122  420092  609201  420091     103
CTRIA3  10630167     122104200921060920110420091     123
CTRIA3    630168     122  609201  609101  420091     103
CTRIA3  10630168     122106092011060910110420091     123
CTRIA3    630169     122  608501  420085  420091     103
CTRIA3  10630169     122106085011042008510420091     123
CTRIA3    630170     122  420091  609101  608501     103
CTRIA3  10630170     122104200911060910110608501     123
CTRIA3    630171     122  520053  605301  520063     103
CTRIA3  10630171     122105200531060530110520063     123
CTRIA3    630172     122  605301  606301  520063     103
CTRIA3  10630172     122106053011060630110520063     123
CTRIA3    630173     122  520063  606301  606201     103
CTRIA3  10630173     122105200631060630110606201     123
CTRIA3    630174     122  606201  520062  520063     103
CTRIA3  10630174     122106062011052006210520063     123
CTRIA3    630175     122  420089  608901  420090     103
CTRIA3  10630175     122104200891060890110420090     123
CTRIA3    630176     122  608901  609001  420090     103
CTRIA3  10630176     122106089011060900110420090     123
CTRIA3    630177     122  606201  420062  420090     103
CTRIA3  10630177     122106062011042006210420090     123
CTRIA3    630178     122  420090  609001  606201     103
CTRIA3  10630178     122104200901060900110606201     123
CTRIA3    630179     122  520090  609001  608901     103
CTRIA3  10630179     122105200901060900110608901     123
CTRIA3    630180     122  520090  608901  520089     103
CTRIA3  10630180     122105200901060890110520089     123
CTRIA3    630181     122  520090  520062  606201     103
CTRIA3  10630181     122105200901052006210606201     123
CTRIA3    630182     122  606201  609001  520090     103
CTRIA3  10630182     122106062011060900110520090     123
CTRIA3    630183     122  520088  608901  608801     103
CTRIA3  10630183     122105200881060890110608801     123
CTRIA3    630184     122  520089  608901  520088     103
CTRIA3  10630184     122105200891060890110520088     123
CTRIA3    630185     122  608701  420088  420087     103
CTRIA3  10630185     122106087011042008810420087     123
CTRIA3    630186     122  608801  420088  608701     103
CTRIA3  10630186     122106088011042008810608701     123
CTRIA3    630187     122  608701  420087  420086     103
CTRIA3  10630187     122106087011042008710420086     123
CTRIA3    630188     122  420086  608601  608701     103
CTRIA3  10630188     122104200861060860110608701     123
CTRIA3    630189     122  520087  520088  608701     103
CTRIA3  10630189     122105200871052008810608701     123
CTRIA3    630190     122  608701  520088  608801     103
CTRIA3  10630190     122106087011052008810608801     123
CTRIA3    630191     122  520086  520087  608701     103
CTRIA3  10630191     122105200861052008710608701     123
CTRIA3    630192     122  608701  608601  520086     103
CTRIA3  10630192     122106087011060860110520086     123
CTRIA3    630193     122  520091  609101  609201     103
CTRIA3  10630193     122105200911060910110609201     123
CTRIA3    630194     122  520091  609201  520092     103
CTRIA3  10630194     122105200911060920110520092     123
CTRIA3    630195     122  520091  520085  608501     103
CTRIA3  10630195     122105200911052008510608501     123
CTRIA3    630196     122  608501  609101  520091     103
CTRIA3  10630196     122106085011060910110520091     123
CTRIA3    630197     122   20003  420081  608101     704
CTRIA3  10630197     122100200031042008110608101     724
CTRIA3    630198     122  608101  520081   20003     704
CTRIA3  10630198     122106081011052008110020003     724
CTRIA3    630199     122  420081  420084  608101     704
CTRIA3  10630199     122104200811042008410608101     724
CTRIA3    630200     122  608101  420084  608401     704
CTRIA3  10630200     122106081011042008410608401     724
CTRIA3    630201     122  608401  520084  608101     704
CTRIA3  10630201     122106084011052008410608101     724
CTRIA3    630202     122  608101  520084  520081     704
CTRIA3  10630202     122106081011052008410520081     724
$CTRIA3    630203     122  607701  520077   20006     704
$CTRIA3  10630203     122106077011052007710020006     724
$CTRIA3    630204     122   20006  420077  607701     704
$CTRIA3  10630204     122100200061042007710607701     724
$CTRIA3    630205     122  607701  520080  520077     704
$CTRIA3  10630205     122106077011052008010520077     724
$CTRIA3    630206     122  608001  520080  607701     704
$CTRIA3  10630206     122106080011052008010607701     724
$CTRIA3    630207     122  607701  420080  608001     704
$CTRIA3  10630207     122106077011042008010608001     724
$CTRIA3    630208     122  420077  420080  607701     704
$CTRIA3  10630208     122104200771042008010607701     724
$CTRIA3    630209     122  607301  520073   20009     704
$CTRIA3  10630209     122106073011052007310020009     724
$CTRIA3    630210     122   20009  420073  607301     704
$CTRIA3  10630210     122100200091042007310607301     724
$CTRIA3    630211     122  607301  520076  520073     704
$CTRIA3  10630211     122106073011052007610520073     724
$CTRIA3    630212     122  607601  520076  607301     704
$CTRIA3  10630212     122106076011052007610607301     724
$CTRIA3    630213     122  607301  420076  607601     704
$CTRIA3  10630213     122106073011042007610607601     724
$CTRIA3    630214     122  420073  420076  607301     704
$CTRIA3  10630214     122104200731042007610607301     724
CTRIA3    630215     122   20012  420071  607101     704
CTRIA3  10630215     122100200121042007110607101     724
CTRIA3    630216     122  607101  520071   20012     704
CTRIA3  10630216     122106071011052007110020012     724
CTRIA3    630217     122  420071  420072  607101     704
CTRIA3  10630217     122104200711042007210607101     724
CTRIA3    630218     122  607101  420072  607201     704
CTRIA3  10630218     122106071011042007210607201     724
CTRIA3    630219     122  607201  520072  607101     704
CTRIA3  10630219     122106072011052007210607101     724
CTRIA3    630220     122  607101  520072  520071     704
CTRIA3  10630220     122106071011052007210520071     724
CTRIA3    630221     122  420054  420053  605401     703
CTRIA3  10630221     122104200541042005310605401     723
CTRIA3    630222     122  605401  420053  605301     703
CTRIA3  10630222     122106054011042005310605301     723
CTRIA3    630223     122  605201  420052  420051     703
CTRIA3  10630223     122106052011042005210420051     723
CTRIA3    630224     122  420051  605101  605201     703
CTRIA3  10630224     122104200511060510110605201     723
CTRIA3    630225     122  605601  605101  420051     703
CTRIA3  10630225     122106056011060510110420051     723
CTRIA3    630226     122  420051  420056  605601     703
CTRIA3  10630226     122104200511042005610605601     723
CTRIA3    630227     122  420054  605401  420055     703
CTRIA3  10630227     122104200541060540110420055     723
CTRIA3    630228     122  420055  605401  605501     703
CTRIA3  10630228     122104200551060540110605501     723
CTRIA3    630229     122  605601  420056  420055     703
CTRIA3  10630229     122106056011042005610420055     723
CTRIA3    630230     122  605501  605601  420055     703
CTRIA3  10630230     122106055011060560110420055     723
CTRIA3    630231     122  520054  605401  605301     703
CTRIA3  10630231     122105200541060540110605301     723
CTRIA3    630232     122  605301  520053  520054     703
CTRIA3  10630232     122106053011052005310520054     723
CTRIA3    630233     122  605501  605401  520054     703
CTRIA3  10630233     122106055011060540110520054     723
CTRIA3    630234     122  520054  520055  605501     703
CTRIA3  10630234     122105200541052005510605501     723
CTRIA3    630235     122  520056  605601  605501     703
CTRIA3  10630235     122105200561060560110605501     723
CTRIA3    630236     122  605501  520055  520056     703
CTRIA3  10630236     122106055011052005510520056     723
CTRIA3    630237     122  605201  605101  520051     703
CTRIA3  10630237     122106052011060510110520051     723
CTRIA3    630238     122  520051  520052  605201     703
CTRIA3  10630238     122105200511052005210605201     723
CTRIA3    630239     122  520051  605101  605601     703
CTRIA3  10630239     122105200511060510110605601     723
CTRIA3    630240     122  605601  520056  520051     703
CTRIA3  10630240     122106056011052005610520051     723
