CTRIA3    610001     121  420101  420115  610101     106
CTRIA3  10610001     121104201011042011510610101     126
CTRIA3    610002     121  610101  420115  611501     106
CTRIA3  10610002     121106101011042011510611501     126
CTRIA3    610003     121  610101  420065  420101     106
CTRIA3  10610003     121106101011042006510420101     126
CTRIA3    610004     121  606501  420065  610101     106
CTRIA3  10610004     121106065011042006510610101     126
CTRIA3    610005     121  606501  610101  520065     106
CTRIA3  10610005     121106065011061010110520065     126
CTRIA3    610006     121  520065  610101  520101     106
CTRIA3  10610006     121105200651061010110520101     126
CTRIA3    610007     121  520115  610101  611501     106
CTRIA3  10610007     121105201151061010110611501     126
CTRIA3    610008     121  520101  610101  520115     106
CTRIA3  10610008     121105201011061010110520115     126
CTRIA3    610009     121  420138  613801  420127     106
CTRIA3  10610009     121104201381061380110420127     126
CTRIA3    610010     121  613801  612701  420127     106
CTRIA3  10610010     121106138011061270110420127     126
CTRIA3    610011     121  611501  420115  420127     106
CTRIA3  10610011     121106115011042011510420127     126
CTRIA3    610012     121  420127  612701  611501     106
CTRIA3  10610012     121104201271061270110611501     126
CTRIA3    610013     121  602301  420023  420062     106
CTRIA3  10610013     121106023011042002310420062     126
CTRIA3    610014     121  420062  606201  602301     106
CTRIA3  10610014     121104200621060620110602301     126
CTRIA3    610015     121  420062  420065  606501     106
CTRIA3  10610015     121104200621042006510606501     126
CTRIA3    610016     121  606501  606201  420062     106
CTRIA3  10610016     121106065011060620110420062     126
CTRIA3    610017     121  602301  606201  520062     106
CTRIA3  10610017     121106023011060620110520062     126
CTRIA3    610018     121  520062  520023  602301     106
CTRIA3  10610018     121105200621052002310602301     126
CTRIA3    610019     121  606501  520065  520062     106
CTRIA3  10610019     121106065011052006510520062     126
CTRIA3    610020     121  520062  606201  606501     106
CTRIA3  10610020     121105200621060620110606501     126
CTRIA3    610021     121  420138  420147  614701     106
CTRIA3  10610021     121104201381042014710614701     126
CTRIA3    610022     121  614701  613801  420138     106
CTRIA3  10610022     121106147011061380110420138     126
CTRIA3    610023     121  520127  520115  611501     106
CTRIA3  10610023     121105201271052011510611501     126
CTRIA3    610024     121  611501  612701  520127     106
CTRIA3  10610024     121106115011061270110520127     126
CTRIA3    610025     121  615601  420156  110050     106
CTRIA3  10610025     121106156011042015610110050     126
CTRIA3    610026     121  615601  110050  305001     106
CTRIA3  10610026     121106156011011005010305001     126
CTRIA3    610027     121  420147  420156  615601     106
CTRIA3  10610027     121104201471042015610615601     126
CTRIA3    610028     121  615601  614701  420147     106
CTRIA3  10610028     121106156011061470110420147     126
CTRIA3    610029     121  613801  614701  520138     106
CTRIA3  10610029     121106138011061470110520138     126
CTRIA3    610030     121  520138  614701  520147     106
CTRIA3  10610030     121105201381061470110520147     126
CTRIA3    610031     121  520138  612701  613801     106
CTRIA3  10610031     121105201381061270110613801     126
CTRIA3    610032     121  520138  520127  612701     106
CTRIA3  10610032     121105201381052012710612701     126
CTRIA3    610033     121  614701  615601  520156     106
CTRIA3  10610033     121106147011061560110520156     126
CTRIA3    610034     121  520147  614701  520156     106
CTRIA3  10610034     121105201471061470110520156     126
CTRIA3    610035     121  520156  615601  305001     106
CTRIA3  10610035     121105201561061560110305001     126
CTRIA3    610036     121  305001  210050  520156     106
CTRIA3  10610036     121103050011021005010520156     126
