CTRIA3    600001     121  610201  420094  420102     101
CTRIA3  10600001     121106102011042009410420102     121
CTRIA3    600002     121  609401  420094  610201     101
CTRIA3  10600002     121106094011042009410610201     121
CTRIA3    600003     121  610201  520094  609401     101
CTRIA3  10600003     121106102011052009410609401     121
CTRIA3    600004     121  520102  520094  610201     101
CTRIA3  10600004     121105201021052009410610201     121
CTRIA3    600005     121  520102  610201  520116     101
CTRIA3  10600005     121105201021061020110520116     121
CTRIA3    600006     121  520116  610201  611601     101
CTRIA3  10600006     121105201161061020110611601     121
CTRIA3    600007     121  613901  612801  420128     101
CTRIA3  10600007     121106139011061280110420128     121
CTRIA3    600008     121  420139  613901  420128     101
CTRIA3  10600008     121104201391061390110420128     121
CTRIA3    600009     121  602801  420028  420085     101
CTRIA3  10600009     121106028011042002810420085     121
CTRIA3    600010     121  420085  608501  602801     101
CTRIA3  10600010     121104200851060850110602801     121
CTRIA3    600011     121  420085  420094  609401     101
CTRIA3  10600011     121104200851042009410609401     121
CTRIA3    600012     121  609401  608501  420085     101
CTRIA3  10600012     121106094011060850110420085     121
CTRIA3    600013     121  602801  608501  520085     101
CTRIA3  10600013     121106028011060850110520085     121
CTRIA3    600014     121  520085  520028  602801     101
CTRIA3  10600014     121105200851052002810602801     121
CTRIA3    600015     121  609401  520094  520085     101
CTRIA3  10600015     121106094011052009410520085     121
CTRIA3    600016     121  520085  608501  609401     101
CTRIA3  10600016     121105200851060850110609401     121
CTRIA3    600017     121  420139  420148  614801     101
CTRIA3  10600017     121104201391042014810614801     121
CTRIA3    600018     121  614801  613901  420139     101
CTRIA3  10600018     121106148011061390110420139     121
CTRIA3    600019     121  520139  614801  520148     101
CTRIA3  10600019     121105201391061480110520148     121
CTRIA3    600020     121  613901  614801  520139     101
CTRIA3  10600020     121106139011061480110520139     121
CTRIA3    600021     121  611601  610201  420116     101
CTRIA3  10600021     121106116011061020110420116     121
CTRIA3    600022     121  420116  610201  420102     101
CTRIA3  10600022     121104201161061020110420102     121
CTRIA3    600023     121  420116  420128  612801     101
CTRIA3  10600023     121104201161042012810612801     121
CTRIA3    600024     121  420116  612801  611601     101
CTRIA3  10600024     121104201161061280110611601     121
CTRIA3    600025     121  520128  520116  611601     101
CTRIA3  10600025     121105201281052011610611601     121
CTRIA3    600026     121  611601  612801  520128     101
CTRIA3  10600026     121106116011061280110520128     121
CTRIA3    600027     121  520128  612801  613901     101
CTRIA3  10600027     121105201281061280110613901     121
CTRIA3    600028     121  613901  520139  520128     101
CTRIA3  10600028     121106139011052013910520128     121
CTRIA3    600029     121  210048  520157  615701     101
CTRIA3  10600029     121102100481052015710615701     121
CTRIA3    600030     121  304801  210048  615701     101
CTRIA3  10600030     121103048011021004810615701     121
CTRIA3    600031     121  520148  614801  615701     101
CTRIA3  10600031     121105201481061480110615701     121
CTRIA3    600032     121  615701  520157  520148     101
CTRIA3  10600032     121106157011052015710520148     121
CTRIA3    600033     121  615701  420157  110048     101
CTRIA3  10600033     121106157011042015710110048     121
CTRIA3    600034     121  615701  110048  304801     101
CTRIA3  10600034     121106157011011004810304801     121
CTRIA3    600035     121  420148  420157  615701     101
CTRIA3  10600035     121104201481042015710615701     121
CTRIA3    600036     121  615701  614801  420148     101
CTRIA3  10600036     121106157011061480110420148     121
