CTRIA3    620001     121  601701  420017  420057     105
CTRIA3  10620001     121106017011042001710420057     125
CTRIA3    620002     121  420057  605701  601701     105
CTRIA3  10620002     121104200571060570110601701     125
CTRIA3    620003     121  605201  420052  420070     105
CTRIA3  10620003     121106052011042005210420070     125
CTRIA3    620004     121  420070  607001  605201     105
CTRIA3  10620004     121104200701060700110605201     125
CTRIA3    620005     121  613701  520146  520137     105
CTRIA3  10620005     121106137011052014610520137     125
CTRIA3    620006     121  614601  520146  613701     105
CTRIA3  10620006     121106146011052014610613701     125
CTRIA3    620007     121  420137  420146  613701     105
CTRIA3  10620007     121104201371042014610613701     125
CTRIA3    620008     121  613701  420146  614601     105
CTRIA3  10620008     121106137011042014610614601     125
CTRIA3    620009     121  520126  613701  520137     105
CTRIA3  10620009     121105201261061370110520137     125
CTRIA3    620010     121  612601  613701  520126     105
CTRIA3  10620010     121106126011061370110520126     125
CTRIA3    620011     121  520126  520114  611401     105
CTRIA3  10620011     121105201261052011410611401     125
CTRIA3    620012     121  611401  612601  520126     105
CTRIA3  10620012     121106114011061260110520126     125
CTRIA3    620013     121  611401  520114  520070     105
CTRIA3  10620013     121106114011052011410520070     125
CTRIA3    620014     121  520070  607001  611401     105
CTRIA3  10620014     121105200701060700110611401     125
CTRIA3    620015     121  605201  607001  520070     105
CTRIA3  10620015     121106052011060700110520070     125
CTRIA3    620016     121  520070  520052  605201     105
CTRIA3  10620016     121105200701052005210605201     125
CTRIA3    620017     121  601701  605701  520057     105
CTRIA3  10620017     121106017011060570110520057     125
CTRIA3    620018     121  520057  520017  601701     105
CTRIA3  10620018     121105200571052001710601701     125
CTRIA3    620019     121  420064  420052  605201     105
CTRIA3  10620019     121104200641042005210605201     125
CTRIA3    620020     121  605201  606401  420064     105
CTRIA3  10620020     121106052011060640110420064     125
CTRIA3    620021     121  605701  420057  420064     105
CTRIA3  10620021     121106057011042005710420064     125
CTRIA3    620022     121  420064  606401  605701     105
CTRIA3  10620022     121104200641060640110605701     125
CTRIA3    620023     121  607001  420070  420114     105
CTRIA3  10620023     121106070011042007010420114     125
CTRIA3    620024     121  611401  607001  420114     105
CTRIA3  10620024     121106114011060700110420114     125
CTRIA3    620025     121  605201  520052  520064     105
CTRIA3  10620025     121106052011052005210520064     125
CTRIA3    620026     121  520064  606401  605201     105
CTRIA3  10620026     121105200641060640110605201     125
CTRIA3    620027     121  520064  520057  605701     105
CTRIA3  10620027     121105200641052005710605701     125
CTRIA3    620028     121  605701  606401  520064     105
CTRIA3  10620028     121106057011060640110520064     125
CTRIA3    620029     121  420137  613701  420126     105
CTRIA3  10620029     121104201371061370110420126     125
CTRIA3    620030     121  420126  613701  612601     105
CTRIA3  10620030     121104201261061370110612601     125
CTRIA3    620031     121  420126  612601  611401     105
CTRIA3  10620031     121104201261061260110611401     125
CTRIA3    620032     121  611401  420114  420126     105
CTRIA3  10620032     121106114011042011410420126     125
CTRIA3    620033     121  615501  520146  614601     105
CTRIA3  10620033     121106155011052014610614601     125
CTRIA3    620034     121  615501  520155  520146     105
CTRIA3  10620034     121106155011052015510520146     125
CTRIA3    620035     121  614601  420146  615501     105
CTRIA3  10620035     121106146011042014610615501     125
CTRIA3    620036     121  420146  420155  615501     105
CTRIA3  10620036     121104201461042015510615501     125
CTRIA3    620037     121  210052  520155  615501     105
CTRIA3  10620037     121102100521052015510615501     125
CTRIA3    620038     121  305201  210052  615501     105
CTRIA3  10620038     121103052011021005210615501     125
CTRIA3    620039     121  615501  420155  110052     105
CTRIA3  10620039     121106155011042015510110052     125
CTRIA3    620040     121  615501  110052  305201     105
CTRIA3  10620040     121106155011011005210305201     125
