CTRIA3    900001     131  907203  730071  730072     107
CTRIA3  10900001     131109072031073007110730072     127
CTRIA3    900002     131  907202  907101  907203     107
CTRIA3  10900002     131109072021090710110907203     127
CTRIA3    900003     131  907101  730071  907203     107
CTRIA3  10900003     131109071011073007110907203     127
CTRIA3    900004     131  907201  907101  907202     107
CTRIA3  10900004     131109072011090710110907202     127
CTRIA3    900005     131  830072  830071  907201     107
CTRIA3  10900005     131108300721083007110907201     127
CTRIA3    900006     131  907201  830071  907101     107
CTRIA3  10900006     131109072011083007110907101     127
CTRIA3    900007     131  907001  730069  730070     107
CTRIA3  10900007     131109070011073006910730070     127
CTRIA3    900008     131  906901  730069  907001     107
CTRIA3  10900008     131109069011073006910907001     127
CTRIA3    900009     131  730071  907001  730070     107
CTRIA3  10900009     131107300711090700110730070     127
CTRIA3    900010     131  907101  907001  730071     107
CTRIA3  10900010     131109071011090700110730071     127
CTRIA3    900011     131  907503  907402  907403     107
CTRIA3  10900011     131109075031090740210907403     127
CTRIA3    900012     131  907502  907402  907503     107
CTRIA3  10900012     131109075021090740210907503     127
CTRIA3    900013     131  907503  730074  730075     107
CTRIA3  10900013     131109075031073007410730075     127
CTRIA3    900014     131  907403  730074  907503     107
CTRIA3  10900014     131109074031073007410907503     127
CTRIA3    900015     131  730076  907503  730075     107
CTRIA3  10900015     131107300761090750310730075     127
CTRIA3    900016     131  907603  907503  730076     107
CTRIA3  10900016     131109076031090750310730076     127
CTRIA3    900017     131  730073  907203  730072     107
CTRIA3  10900017     131107300731090720310730072     127
CTRIA3    900018     131  907303  907203  730073     107
CTRIA3  10900018     131109073031090720310730073     127
CTRIA3    900019     131  730073  730074  907403     107
CTRIA3  10900019     131107300731073007410907403     127
CTRIA3    900020     131  907403  907303  730073     107
CTRIA3  10900020     131109074031090730310730073     127
CTRIA3    900021     131  901803  901802  907903     107
CTRIA3  10900021     131  901803  90180210907903     127
CTRIA3    900022     131  907903  901802  907902     107
CTRIA3  10900022     13110907903  90180210907902     127
CTRIA3    900023     131  730018  901803  907903     107
CTRIA3  10900023     131  730018  90180310907903     127
CTRIA3    900024     131  907903  730079  730018     107
CTRIA3  10900024     1311090790310730079  730018     127
CTRIA3    900025     131  907803  907903  907902     107
CTRIA3  10900025     131109078031090790310907902     127
CTRIA3    900026     131  907803  907902  907802     107
CTRIA3  10900026     131109078031090790210907802     127
CTRIA3    900027     131  730078  730079  907803     107
CTRIA3  10900027     131107300781073007910907803     127
CTRIA3    900028     131  730079  907903  907803     107
CTRIA3  10900028     131107300791090790310907803     127
CTRIA3    900029     131  907702  907803  907802     107
CTRIA3  10900029     131109077021090780310907802     127
CTRIA3    900030     131  907703  907803  907702     107
CTRIA3  10900030     131109077031090780310907702     127
CTRIA3    900031     131  730078  907803  730077     107
CTRIA3  10900031     131107300781090780310730077     127
CTRIA3    900032     131  730077  907803  907703     107
CTRIA3  10900032     131107300771090780310907703     127
CTRIA3    900033     131  907603  730076  730077     107
CTRIA3  10900033     131109076031073007610730077     127
CTRIA3    900034     131  730077  907703  907603     107
CTRIA3  10900034     131107300771090770310907603     127
CTRIA3    900035     131  906901  907001  830070     107
CTRIA3  10900035     131109069011090700110830070     127
CTRIA3    900036     131  830070  830069  906901     107
CTRIA3  10900036     131108300701083006910906901     127
CTRIA3    900037     131  830070  907001  907101     107
CTRIA3  10900037     131108300701090700110907101     127
CTRIA3    900038     131  907101  830071  830070     107
CTRIA3  10900038     131109071011083007110830070     127
CTRIA3    900039     131  907302  907203  907303     107
CTRIA3  10900039     131109073021090720310907303     127
CTRIA3    900040     131  907202  907203  907302     107
CTRIA3  10900040     131109072021090720310907302     127
CTRIA3    900041     131  907302  907201  907202     107
CTRIA3  10900041     131109073021090720110907202     127
CTRIA3    900042     131  907301  907201  907302     107
CTRIA3  10900042     131109073011090720110907302     127
CTRIA3    900043     131  907403  907402  907302     107
CTRIA3  10900043     131109074031090740210907302     127
CTRIA3    900044     131  907302  907303  907403     107
CTRIA3  10900044     131109073021090730310907403     127
CTRIA3    900045     131  907901  901802  901801     107
CTRIA3  10900045     13110907901  901802  901801     127
CTRIA3    900046     131  907902  901802  907901     107
CTRIA3  10900046     13110907902  90180210907901     127
CTRIA3    900047     131  907802  907902  907801     107
CTRIA3  10900047     131109078021090790210907801     127
CTRIA3    900048     131  907902  907901  907801     107
CTRIA3  10900048     131109079021090790110907801     127
CTRIA3    900049     131  830075  907501  830076     107
CTRIA3  10900049     131108300751090750110830076     127
CTRIA3    900050     131  907501  907601  830076     107
CTRIA3  10900050     131109075011090760110830076     127
CTRIA3    900051     131  830077  830076  907701     107
CTRIA3  10900051     131108300771083007610907701     127
CTRIA3    900052     131  907701  830076  907601     107
CTRIA3  10900052     131109077011083007610907601     127
CTRIA3    900053     131  907701  830078  830077     107
CTRIA3  10900053     131109077011083007810830077     127
CTRIA3    900054     131  907701  907801  830078     107
CTRIA3  10900054     131109077011090780110830078     127
CTRIA3    900055     131  907701  907702  907802     107
CTRIA3  10900055     131109077011090770210907802     127
CTRIA3    900056     131  907802  907801  907701     107
CTRIA3  10900056     131109078021090780110907701     127
CTRIA3    900057     131  907703  907702  907602     107
CTRIA3  10900057     131109077031090770210907602     127
CTRIA3    900058     131  907603  907703  907602     107
CTRIA3  10900058     131109076031090770310907602     127
CTRIA3    900059     131  907602  907701  907601     107
CTRIA3  10900059     131109076021090770110907601     127
CTRIA3    900060     131  907702  907701  907602     107
CTRIA3  10900060     131109077021090770110907602     127
CTRIA3    900061     131  907502  907503  907602     107
CTRIA3  10900061     131109075021090750310907602     127
CTRIA3    900062     131  907602  907503  907603     107
CTRIA3  10900062     131109076021090750310907603     127
CTRIA3    900063     131  907602  907601  907501     107
CTRIA3  10900063     131109076021090760110907501     127
CTRIA3    900064     131  907602  907501  907502     107
CTRIA3  10900064     131109076021090750110907502     127
CTRIA3    900065     131  830073  907201  907301     107
CTRIA3  10900065     131108300731090720110907301     127
CTRIA3    900066     131  830072  907201  830073     107
CTRIA3  10900066     131108300721090720110830073     127
CTRIA3    900067     131  907401  907402  907502     107
CTRIA3  10900067     131109074011090740210907502     127
CTRIA3    900068     131  907502  907501  907401     107
CTRIA3  10900068     131109075021090750110907401     127
CTRIA3    900069     131  830075  830074  907401     107
CTRIA3  10900069     131108300751083007410907401     127
CTRIA3    900070     131  907401  907501  830075     107
CTRIA3  10900070     131109074011090750110830075     127
CTRIA3    900071     131  907301  907302  907401     107
CTRIA3  10900071     131109073011090730210907401     127
CTRIA3    900072     131  907401  907302  907402     107
CTRIA3  10900072     131109074011090730210907402     127
CTRIA3    900073     131  830074  830073  907401     107
CTRIA3  10900073     131108300741083007310907401     127
CTRIA3    900074     131  907401  830073  907301     107
CTRIA3  10900074     131109074011083007310907301     127
CTRIA3    900075     131  901801  830018  830079     107
CTRIA3  10900075     131  901801  83001810830079     127
CTRIA3    900076     131  830079  907901  901801     107
CTRIA3  10900076     1311083007910907901  901801     127
CTRIA3    900077     131  830079  907801  907901     107
CTRIA3  10900077     131108300791090780110907901     127
CTRIA3    900078     131  830078  907801  830079     107
CTRIA3  10900078     131108300781090780110830079     127
