CTRIA3    930001     131  910601  913201  830106     105
CTRIA3  10930001     131109106011091320110830106     125
CTRIA3    930002     131  830106  913201  830132     105
CTRIA3  10930002     131108301061091320110830132     125
CTRIA3    930003     131  910701  830106  830107     105
CTRIA3  10930003     131109107011083010610830107     125
CTRIA3    930004     131  910601  830106  910701     105
CTRIA3  10930004     131109106011083010610910701     125
CTRIA3    930005     131  910701  730082  730107     105
CTRIA3  10930005     131109107011073008210730107     125
CTRIA3    930006     131  908201  730082  910701     105
CTRIA3  10930006     131109082011073008210910701     125
CTRIA3    930007     131  830105  830042  904201     105
CTRIA3  10930007     13110830105  830042  904201     125
CTRIA3    930008     131  904201  910501  830105     105
CTRIA3  10930008     131  9042011091050110830105     125
CTRIA3    930009     131  730105  910501  904201     105
CTRIA3  10930009     1311073010510910501  904201     125
CTRIA3    930010     131  904201  730042  730105     105
CTRIA3  10930010     131  904201  73004210730105     125
CTRIA3    930011     131  730105  730082  908201     105
CTRIA3  10930011     131107301051073008210908201     125
CTRIA3    930012     131  908201  910501  730105     105
CTRIA3  10930012     131109082011091050110730105     125
CTRIA3    930013     131  913101  730132  730131     105
CTRIA3  10930013     131109131011073013210730131     125
CTRIA3    930014     131  913201  730132  913101     105
CTRIA3  10930014     131109132011073013210913101     125
CTRIA3    930015     131  913101  830131  830132     105
CTRIA3  10930015     131109131011083013110830132     125
CTRIA3    930016     131  830132  913201  913101     105
CTRIA3  10930016     131108301321091320110913101     125
CTRIA3    930017     131  730131  420017  913101     105
CTRIA3  10930017     131107301311042001710913101     125
CTRIA3    930018     131  913101  420017  601701     105
CTRIA3  10930018     131109131011042001710601701     125
CTRIA3    930019     131  520017  830131  913101     105
CTRIA3  10930019     131105200171083013110913101     125
CTRIA3    930020     131  601701  520017  913101     105
CTRIA3  10930020     131106017011052001710913101     125
CTRIA3    930021     131  830082  910701  830107     105
CTRIA3  10930021     131108300821091070110830107     125
CTRIA3    930022     131  908201  910701  830082     105
CTRIA3  10930022     131109082011091070110830082     125
CTRIA3    930023     131  830082  830105  910501     105
CTRIA3  10930023     131108300821083010510910501     125
CTRIA3    930024     131  830082  910501  908201     105
CTRIA3  10930024     131108300821091050110908201     125
CTRIA3    930025     131  910601  910701  730106     105
CTRIA3  10930025     131109106011091070110730106     125
CTRIA3    930026     131  730106  910701  730107     105
CTRIA3  10930026     131107301061091070110730107     125
CTRIA3    930027     131  730106  913201  910601     105
CTRIA3  10930027     131107301061091320110910601     125
CTRIA3    930028     131  730106  730132  913201     105
CTRIA3  10930028     131107301061073013210913201     125
