$CTRIA3    320001     112  340501  210405   10095     104
$CTRIA3  10320001     112103405011021040510010095     124
CTRIA3    320002     112   10003  210423  342301     104
CTRIA3  10320002     112100100031021042310342301     124
$CTRIA3    320003     112  110405  340501   10095     104
$CTRIA3  10320003     112101104051034050110010095     124
CTRIA3    320004     112   10003  342301  110423     104
CTRIA3  10320004     112100100031034230110110423     124
CTRIA3    320005     112  210427  210414  341401     104
CTRIA3  10320005     112102104271021041410341401     124
CTRIA3    320006     112  341401  342701  210427     104
CTRIA3  10320006     112103414011034270110210427     124
CTRIA3    320007     112  341701  210417  210427     104
CTRIA3  10320007     112103417011021041710210427     124
CTRIA3    320008     112  210427  342701  341701     104
CTRIA3  10320008     112102104271034270110341701     124
$CTRIA3    320009     112  210405  340501  210408     104
$CTRIA3  10320009     112102104051034050110210408     124
$CTRIA3    320010     112  340501  340801  210408     104
$CTRIA3  10320010     112103405011034080110210408     124
CTRIA3    320011     112  210408  340801  341101     104
CTRIA3  10320011     112102104081034080110341101     124
CTRIA3    320012     112  341101  210411  210408     104
CTRIA3  10320012     112103411011021041110210408     124
CTRIA3    320013     112  341401  210414  210426     104
CTRIA3  10320013     112103414011021041410210426     124
CTRIA3    320014     112  210426  342601  341401     104
CTRIA3  10320014     112102104261034260110341401     124
CTRIA3    320015     112  210426  210411  341101     104
CTRIA3  10320015     112102104261021041110341101     124
CTRIA3    320016     112  341101  342601  210426     104
CTRIA3  10320016     112103411011034260110210426     124
CTRIA3    320017     112  210420  342301  210423     104
CTRIA3  10320017     112102104201034230110210423     124
CTRIA3    320018     112  210420  342001  342301     104
CTRIA3  10320018     112102104201034200110342301     124
CTRIA3    320019     112  210420  210417  341701     104
CTRIA3  10320019     112102104201021041710341701     124
CTRIA3    320020     112  341701  342001  210420     104
CTRIA3  10320020     112103417011034200110210420     124
CTRIA3    320021     112  341701  342701  110427     104
CTRIA3  10320021     112103417011034270110110427     124
CTRIA3    320022     112  110427  110417  341701     104
CTRIA3  10320022     112101104271011041710341701     124
CTRIA3    320023     112  110427  342701  341401     104
CTRIA3  10320023     112101104271034270110341401     124
CTRIA3    320024     112  341401  110414  110427     104
CTRIA3  10320024     112103414011011041410110427     124
CTRIA3    320025     112  341401  342601  110426     104
CTRIA3  10320025     112103414011034260110110426     124
CTRIA3    320026     112  110426  110414  341401     104
CTRIA3  10320026     112101104261011041410341401     124
CTRIA3    320027     112  110420  342001  341701     104
CTRIA3  10320027     112101104201034200110341701     124
CTRIA3    320028     112  341701  110417  110420     104
CTRIA3  10320028     112103417011011041710110420     124
CTRIA3    320029     112  342301  342001  110420     104
CTRIA3  10320029     112103423011034200110110420     124
CTRIA3    320030     112  110420  110423  342301     104
CTRIA3  10320030     112101104201011042310342301     124
CTRIA3    320031     112  110411  342601  341101     104
CTRIA3  10320031     112101104111034260110341101     124
CTRIA3    320032     112  110411  110426  342601     104
CTRIA3  10320032     112101104111011042610342601     124
$CTRIA3    320033     112  110408  340801  340501     104
$CTRIA3  10320033     112101104081034080110340501     124
$CTRIA3    320034     112  340501  110405  110408     104
$CTRIA3  10320034     112103405011011040510110408     124
CTRIA3    320035     112  341101  340801  110408     104
CTRIA3  10320035     112103411011034080110110408     124
CTRIA3    320036     112  110408  110411  341101     104
CTRIA3  10320036     112101104081011041110341101     124
$CTRIA3    320037     112   10092  110382  338201     104
$CTRIA3  10320037     112100100921011038210338201     124
$CTRIA3    320038     112  340001  110400   10006     104
$CTRIA3  10320038     112103400011011040010010006     124
$CTRIA3    320039     112   10092  338201  210382     104
$CTRIA3  10320039     112100100921033820110210382     124
$CTRIA3    320040     112  210400  340001   10006     104
$CTRIA3  10320040     112102104001034000110010006     124
CTRIA3    320041     112  339101  110391  110404     104
CTRIA3  10320041     112103391011011039110110404     124
CTRIA3    320042     112  110404  340401  339101     104
CTRIA3  10320042     112101104041034040110339101     124
CTRIA3    320043     112  110404  110394  339401     104
CTRIA3  10320043     112101104041011039410339401     124
CTRIA3    320044     112  339401  340401  110404     104
CTRIA3  10320044     112103394011034040110110404     124
$CTRIA3    320045     112  110385  338201  110382     104
$CTRIA3  10320045     112101103851033820110110382     124
$CTRIA3    320046     112  110385  338501  338201     104
$CTRIA3  10320046     112101103851033850110338201     124
CTRIA3    320047     112  338801  338501  110385     104
CTRIA3  10320047     112103388011033850110110385     124
CTRIA3    320048     112  110385  110388  338801     104
CTRIA3  10320048     112101103851011038810338801     124
CTRIA3    320049     112  110403  110391  339101     104
CTRIA3  10320049     112101104031011039110339101     124
CTRIA3    320050     112  339101  340301  110403     104
CTRIA3  10320050     112103391011034030110110403     124
CTRIA3    320051     112  338801  110388  110403     104
CTRIA3  10320051     112103388011011038810110403     124
CTRIA3    320052     112  110403  340301  338801     104
CTRIA3  10320052     112101104031034030110338801     124
CTRIA3    320053     112  339401  110394  339701     104
CTRIA3  10320053     112103394011011039410339701     124
CTRIA3    320054     112  110394  110397  339701     104
CTRIA3  10320054     112101103941011039710339701     124
$CTRIA3    320055     112  339701  110397  110400     104
$CTRIA3  10320055     112103397011011039710110400     124
$CTRIA3    320056     112  110400  340001  339701     104
$CTRIA3  10320056     112101104001034000110339701     124
CTRIA3    320057     112  339101  340401  210391     104
CTRIA3  10320057     112103391011034040110210391     124
CTRIA3    320058     112  340401  210404  210391     104
CTRIA3  10320058     112103404011021040410210391     124
CTRIA3    320059     112  210403  340301  339101     104
CTRIA3  10320059     112102104031034030110339101     124
CTRIA3    320060     112  339101  210391  210403     104
CTRIA3  10320060     112103391011021039110210403     124
$CTRIA3    320061     112  210400  339701  340001     104
$CTRIA3  10320061     112102104001033970110340001     124
$CTRIA3    320062     112  210400  210397  339701     104
$CTRIA3  10320062     112102104001021039710339701     124
CTRIA3    320063     112  210394  340401  339401     104
CTRIA3  10320063     112102103941034040110339401     124
CTRIA3    320064     112  210394  210404  340401     104
CTRIA3  10320064     112102103941021040410340401     124
CTRIA3    320065     112  339401  339701  210394     104
CTRIA3  10320065     112103394011033970110210394     124
CTRIA3    320066     112  339701  210397  210394     104
CTRIA3  10320066     112103397011021039710210394     124
CTRIA3    320067     112  338801  340301  210388     104
CTRIA3  10320067     112103388011034030110210388     124
CTRIA3    320068     112  340301  210403  210388     104
CTRIA3  10320068     112103403011021040310210388     124
$CTRIA3    320069     112  338201  338501  210385     104
$CTRIA3  10320069     112103382011033850110210385     124
$CTRIA3    320070     112  210385  210382  338201     104
$CTRIA3  10320070     112102103851021038210338201     124
CTRIA3    320071     112  210385  338501  338801     104
CTRIA3  10320071     112102103851033850110338801     124
CTRIA3    320072     112  338801  210388  210385     104
CTRIA3  10320072     112103388011021038810210385     124
$CTRIA3    320073     112   10089  110359  335901     104
$CTRIA3  10320073     112100100891011035910335901     124
$CTRIA3    320074     112  337701  110377   10009     104
$CTRIA3  10320074     112103377011011037710010009     124
$CTRIA3    320075     112   10089  335901  210359     104
$CTRIA3  10320075     112100100891033590110210359     124
$CTRIA3    320076     112  210377  337701   10009     104
$CTRIA3  10320076     112102103771033770110010009     124
CTRIA3    320077     112  336801  110368  110381     104
CTRIA3  10320077     112103368011011036810110381     124
CTRIA3    320078     112  110381  338101  336801     104
CTRIA3  10320078     112101103811033810110336801     124
CTRIA3    320079     112  110381  110371  337101     104
CTRIA3  10320079     112101103811011037110337101     124
CTRIA3    320080     112  337101  338101  110381     104
CTRIA3  10320080     112103371011033810110110381     124
$CTRIA3    320081     112  110362  335901  110359     104
$CTRIA3  10320081     112101103621033590110110359     124
$CTRIA3    320082     112  110362  336201  335901     104
$CTRIA3  10320082     112101103621033620110335901     124
CTRIA3    320083     112  336501  336201  110362     104
CTRIA3  10320083     112103365011033620110110362     124
CTRIA3    320084     112  110362  110365  336501     104
CTRIA3  10320084     112101103621011036510336501     124
CTRIA3    320085     112  110380  110368  336801     104
CTRIA3  10320085     112101103801011036810336801     124
CTRIA3    320086     112  336801  338001  110380     104
CTRIA3  10320086     112103368011033800110110380     124
CTRIA3    320087     112  336501  110365  110380     104
CTRIA3  10320087     112103365011011036510110380     124
CTRIA3    320088     112  110380  338001  336501     104
CTRIA3  10320088     112101103801033800110336501     124
$CTRIA3    320089     112  110377  337701  110374     104
$CTRIA3  10320089     112101103771033770110110374     124
$CTRIA3    320090     112  337701  337401  110374     104
$CTRIA3  10320090     112103377011033740110110374     124
CTRIA3    320091     112  337101  110371  110374     104
CTRIA3  10320091     112103371011011037110110374     124
CTRIA3    320092     112  110374  337401  337101     104
CTRIA3  10320092     112101103741033740110337101     124
CTRIA3    320093     112  210381  338101  337101     104
CTRIA3  10320093     112102103811033810110337101     124
CTRIA3    320094     112  337101  210371  210381     104
CTRIA3  10320094     112103371011021037110210381     124
CTRIA3    320095     112  336801  338101  210381     104
CTRIA3  10320095     112103368011033810110210381     124
CTRIA3    320096     112  210381  210368  336801     104
CTRIA3  10320096     112102103811021036810336801     124
CTRIA3    320097     112  337101  337401  210374     104
CTRIA3  10320097     112103371011033740110210374     124
CTRIA3    320098     112  210374  210371  337101     104
CTRIA3  10320098     112102103741021037110337101     124
$CTRIA3    320099     112  210374  337401  337701     104
$CTRIA3  10320099     112102103741033740110337701     124
$CTRIA3    320100     112  337701  210377  210374     104
$CTRIA3  10320100     112103377011021037710210374     124
CTRIA3    320101     112  210380  338001  336801     104
CTRIA3  10320101     112102103801033800110336801     124
CTRIA3    320102     112  336801  210368  210380     104
CTRIA3  10320102     112103368011021036810210380     124
CTRIA3    320103     112  336501  338001  210380     104
CTRIA3  10320103     112103365011033800110210380     124
CTRIA3    320104     112  210380  210365  336501     104
CTRIA3  10320104     112102103801021036510336501     124
$CTRIA3    320105     112  335901  336201  210362     104
$CTRIA3  10320105     112103359011033620110210362     124
$CTRIA3    320106     112  210362  210359  335901     104
$CTRIA3  10320106     112102103621021035910335901     124
CTRIA3    320107     112  210362  336201  336501     104
CTRIA3  10320107     112102103621033620110336501     124
CTRIA3    320108     112  336501  210365  210362     104
CTRIA3  10320108     112103365011021036510210362     124
$CTRIA3    320109     112   10086  110336  333601     104
$CTRIA3  10320109     112100100861011033610333601     124
$CTRIA3    320110     112  335401  110354   10012     104
$CTRIA3  10320110     112103354011011035410010012     124
$CTRIA3    320111     112   10086  333601  210336     104
$CTRIA3  10320111     112100100861033360110210336     124
$CTRIA3    320112     112  210354  335401   10012     104
$CTRIA3  10320112     112102103541033540110010012     124
CTRIA3    320113     112  334501  110345  110358     104
CTRIA3  10320113     112103345011011034510110358     124
CTRIA3    320114     112  110358  335801  334501     104
CTRIA3  10320114     112101103581033580110334501     124
CTRIA3    320115     112  110358  110348  334801     104
CTRIA3  10320115     112101103581011034810334801     124
CTRIA3    320116     112  334801  335801  110358     104
CTRIA3  10320116     112103348011033580110110358     124
$CTRIA3    320117     112  110339  333601  110336     104
$CTRIA3  10320117     112101103391033360110110336     124
$CTRIA3    320118     112  110339  333901  333601     104
$CTRIA3  10320118     112101103391033390110333601     124
CTRIA3    320119     112  334201  333901  110339     104
CTRIA3  10320119     112103342011033390110110339     124
CTRIA3    320120     112  110339  110342  334201     104
CTRIA3  10320120     112101103391011034210334201     124
CTRIA3    320121     112  110357  110345  334501     104
CTRIA3  10320121     112101103571011034510334501     124
CTRIA3    320122     112  334501  335701  110357     104
CTRIA3  10320122     112103345011033570110110357     124
CTRIA3    320123     112  334201  110342  110357     104
CTRIA3  10320123     112103342011011034210110357     124
CTRIA3    320124     112  110357  335701  334201     104
CTRIA3  10320124     112101103571033570110334201     124
$CTRIA3    320125     112  110354  335401  110351     104
$CTRIA3  10320125     112101103541033540110110351     124
$CTRIA3    320126     112  335401  335101  110351     104
$CTRIA3  10320126     112103354011033510110110351     124
CTRIA3    320127     112  334801  110348  110351     104
CTRIA3  10320127     112103348011011034810110351     124
CTRIA3    320128     112  110351  335101  334801     104
CTRIA3  10320128     112101103511033510110334801     124
CTRIA3    320129     112  210348  335801  334801     104
CTRIA3  10320129     112102103481033580110334801     124
CTRIA3    320130     112  210348  210358  335801     104
CTRIA3  10320130     112102103481021035810335801     124
CTRIA3    320131     112  334801  335101  210348     104
CTRIA3  10320131     112103348011033510110210348     124
CTRIA3    320132     112  335101  210351  210348     104
CTRIA3  10320132     112103351011021035110210348     124
$CTRIA3    320133     112  210354  335101  335401     104
$CTRIA3  10320133     112102103541033510110335401     124
$CTRIA3    320134     112  210354  210351  335101     104
$CTRIA3  10320134     112102103541021035110335101     124
CTRIA3    320135     112  334501  335801  210345     104
CTRIA3  10320135     112103345011033580110210345     124
CTRIA3    320136     112  335801  210358  210345     104
CTRIA3  10320136     112103358011021035810210345     124
CTRIA3    320137     112  210345  335701  334501     104
CTRIA3  10320137     112102103451033570110334501     124
CTRIA3    320138     112  210345  210357  335701     104
CTRIA3  10320138     112102103451021035710335701     124
CTRIA3    320139     112  334201  335701  210342     104
CTRIA3  10320139     112103342011033570110210342     124
CTRIA3    320140     112  335701  210357  210342     104
CTRIA3  10320140     112103357011021035710210342     124
$CTRIA3    320141     112  333601  333901  210339     104
$CTRIA3  10320141     112103336011033390110210339     124
$CTRIA3    320142     112  210339  210336  333601     104
$CTRIA3  10320142     112102103391021033610333601     124
CTRIA3    320143     112  210339  333901  334201     104
CTRIA3  10320143     112102103391033390110334201     124
CTRIA3    320144     112  334201  210342  210339     104
CTRIA3  10320144     112103342011021034210210339     124
$CTRIA3    320145     112  331301  210313   10083     104
$CTRIA3  10320145     112103313011021031310010083     124
CTRIA3    320146     112   10015  210331  333101     104
CTRIA3  10320146     112100100151021033110333101     124
$CTRIA3    320147     112  110313  331301   10083     104
$CTRIA3  10320147     112101103131033130110010083     124
CTRIA3    320148     112   10015  333101  110331     104
CTRIA3  10320148     112100100151033310110110331     124
CTRIA3    320149     112  210335  210322  332201     104
CTRIA3  10320149     112102103351021032210332201     124
CTRIA3    320150     112  332201  333501  210335     104
CTRIA3  10320150     112103322011033350110210335     124
CTRIA3    320151     112  332501  210325  210335     104
CTRIA3  10320151     112103325011021032510210335     124
CTRIA3    320152     112  210335  333501  332501     104
CTRIA3  10320152     112102103351033350110332501     124
$CTRIA3    320153     112  210313  331301  210316     104
$CTRIA3  10320153     112102103131033130110210316     124
$CTRIA3    320154     112  331301  331601  210316     104
$CTRIA3  10320154     112103313011033160110210316     124
CTRIA3    320155     112  210316  331601  331901     104
CTRIA3  10320155     112102103161033160110331901     124
CTRIA3    320156     112  331901  210319  210316     104
CTRIA3  10320156     112103319011021031910210316     124
CTRIA3    320157     112  332201  210322  210334     104
CTRIA3  10320157     112103322011021032210210334     124
CTRIA3    320158     112  210334  333401  332201     104
CTRIA3  10320158     112102103341033340110332201     124
CTRIA3    320159     112  210334  210319  331901     104
CTRIA3  10320159     112102103341021031910331901     124
CTRIA3    320160     112  331901  333401  210334     104
CTRIA3  10320160     112103319011033340110210334     124
CTRIA3    320161     112  210328  333101  210331     104
CTRIA3  10320161     112102103281033310110210331     124
CTRIA3    320162     112  210328  332801  333101     104
CTRIA3  10320162     112102103281033280110333101     124
CTRIA3    320163     112  210328  210325  332501     104
CTRIA3  10320163     112102103281021032510332501     124
CTRIA3    320164     112  332501  332801  210328     104
CTRIA3  10320164     112103325011033280110210328     124
CTRIA3    320165     112  110328  332801  332501     104
CTRIA3  10320165     112101103281033280110332501     124
CTRIA3    320166     112  332501  110325  110328     104
CTRIA3  10320166     112103325011011032510110328     124
CTRIA3    320167     112  332501  333501  110335     104
CTRIA3  10320167     112103325011033350110110335     124
CTRIA3    320168     112  110335  110325  332501     104
CTRIA3  10320168     112101103351011032510332501     124
CTRIA3    320169     112  110335  333501  332201     104
CTRIA3  10320169     112101103351033350110332201     124
CTRIA3    320170     112  332201  110322  110335     104
CTRIA3  10320170     112103322011011032210110335     124
CTRIA3    320171     112  332201  333401  110334     104
CTRIA3  10320171     112103322011033340110110334     124
CTRIA3    320172     112  110334  110322  332201     104
CTRIA3  10320172     112101103341011032210332201     124
CTRIA3    320173     112  333101  332801  110331     104
CTRIA3  10320173     112103331011033280110110331     124
CTRIA3    320174     112  332801  110328  110331     104
CTRIA3  10320174     112103328011011032810110331     124
CTRIA3    320175     112  110319  333401  331901     104
CTRIA3  10320175     112101103191033340110331901     124
CTRIA3    320176     112  110319  110334  333401     104
CTRIA3  10320176     112101103191011033410333401     124
$CTRIA3    320177     112  110316  331601  331301     104
$CTRIA3  10320177     112101103161033160110331301     124
$CTRIA3    320178     112  331301  110313  110316     104
$CTRIA3  10320178     112103313011011031310110316     124
CTRIA3    320179     112  331901  331601  110316     104
CTRIA3  10320179     112103319011033160110110316     124
CTRIA3    320180     112  110316  110319  331901     104
CTRIA3  10320180     112101103161011031910331901     124
$CTRIA3    320181     112   10080  110290  329001     104
$CTRIA3  10320181     112100100801011029010329001     124
CTRIA3    320182     112  330801  110308   10018     104
CTRIA3  10320182     112103308011011030810010018     124
$CTRIA3    320183     112   10080  329001  210290     104
$CTRIA3  10320183     112100100801032900110210290     124
CTRIA3    320184     112  210308  330801   10018     104
CTRIA3  10320184     112102103081033080110010018     124
CTRIA3    320185     112  110299  110312  331201     104
CTRIA3  10320185     112101102991011031210331201     124
CTRIA3    320186     112  329901  110299  331201     104
CTRIA3  10320186     112103299011011029910331201     124
CTRIA3    320187     112  330201  331201  110302     104
CTRIA3  10320187     112103302011033120110110302     124
CTRIA3    320188     112  110302  331201  110312     104
CTRIA3  10320188     112101103021033120110110312     124
$CTRIA3    320189     112  110293  329301  329001     104
$CTRIA3  10320189     112101102931032930110329001     124
$CTRIA3    320190     112  110293  329001  110290     104
$CTRIA3  10320190     112101102931032900110110290     124
CTRIA3    320191     112  329601  329301  110293     104
CTRIA3  10320191     112103296011032930110110293     124
CTRIA3    320192     112  110293  110296  329601     104
CTRIA3  10320192     112101102931011029610329601     124
CTRIA3    320193     112  329901  331101  110311     104
CTRIA3  10320193     112103299011033110110110311     124
CTRIA3    320194     112  110311  110299  329901     104
CTRIA3  10320194     112101103111011029910329901     124
CTRIA3    320195     112  110311  331101  329601     104
CTRIA3  10320195     112101103111033110110329601     124
CTRIA3    320196     112  329601  110296  110311     104
CTRIA3  10320196     112103296011011029610110311     124
CTRIA3    320197     112  110308  330801  110305     104
CTRIA3  10320197     112101103081033080110110305     124
CTRIA3    320198     112  330801  330501  110305     104
CTRIA3  10320198     112103308011033050110110305     124
CTRIA3    320199     112  330201  110302  110305     104
CTRIA3  10320199     112103302011011030210110305     124
CTRIA3    320200     112  110305  330501  330201     104
CTRIA3  10320200     112101103051033050110330201     124
CTRIA3    320201     112  210312  331201  330201     104
CTRIA3  10320201     112102103121033120110330201     124
CTRIA3    320202     112  330201  210302  210312     104
CTRIA3  10320202     112103302011021030210210312     124
CTRIA3    320203     112  329901  331201  210299     104
CTRIA3  10320203     112103299011033120110210299     124
CTRIA3    320204     112  331201  210312  210299     104
CTRIA3  10320204     112103312011021031210210299     124
CTRIA3    320205     112  330201  330501  210305     104
CTRIA3  10320205     112103302011033050110210305     124
CTRIA3    320206     112  210305  210302  330201     104
CTRIA3  10320206     112102103051021030210330201     124
CTRIA3    320207     112  210305  330501  330801     104
CTRIA3  10320207     112102103051033050110330801     124
CTRIA3    320208     112  330801  210308  210305     104
CTRIA3  10320208     112103308011021030810210305     124
CTRIA3    320209     112  210311  331101  329901     104
CTRIA3  10320209     112102103111033110110329901     124
CTRIA3    320210     112  329901  210299  210311     104
CTRIA3  10320210     112103299011021029910210311     124
CTRIA3    320211     112  329601  331101  210296     104
CTRIA3  10320211     112103296011033110110210296     124
CTRIA3    320212     112  331101  210311  210296     104
CTRIA3  10320212     112103311011021031110210296     124
$CTRIA3    320213     112  329001  329301  210293     104
$CTRIA3  10320213     112103290011032930110210293     124
$CTRIA3    320214     112  210293  210290  329001     104
$CTRIA3  10320214     112102102931021029010329001     124
CTRIA3    320215     112  210293  329301  329601     104
CTRIA3  10320215     112102102931032930110329601     124
CTRIA3    320216     112  329601  210296  210293     104
CTRIA3  10320216     112103296011021029610210293     124
$CTRIA3    320217     112  326701  210267   10077     104
$CTRIA3  10320217     112103267011021026710010077     124
CTRIA3    320218     112   10021  210285  328501     104
CTRIA3  10320218     112100100211021028510328501     124
$CTRIA3    320219     112  110267  326701   10077     104
$CTRIA3  10320219     112101102671032670110010077     124
CTRIA3    320220     112   10021  328501  110285     104
CTRIA3  10320220     112100100211032850110110285     124
CTRIA3    320221     112  210289  210276  327601     104
CTRIA3  10320221     112102102891021027610327601     124
CTRIA3    320222     112  327601  328901  210289     104
CTRIA3  10320222     112103276011032890110210289     124
CTRIA3    320223     112  327901  210279  210289     104
CTRIA3  10320223     112103279011021027910210289     124
CTRIA3    320224     112  210289  328901  327901     104
CTRIA3  10320224     112102102891032890110327901     124
$CTRIA3    320225     112  210267  326701  210270     104
$CTRIA3  10320225     112102102671032670110210270     124
$CTRIA3    320226     112  326701  327001  210270     104
$CTRIA3  10320226     112103267011032700110210270     124
CTRIA3    320227     112  210270  327001  327301     104
CTRIA3  10320227     112102102701032700110327301     124
CTRIA3    320228     112  327301  210273  210270     104
CTRIA3  10320228     112103273011021027310210270     124
CTRIA3    320229     112  327601  210276  210288     104
CTRIA3  10320229     112103276011021027610210288     124
CTRIA3    320230     112  210288  328801  327601     104
CTRIA3  10320230     112102102881032880110327601     124
CTRIA3    320231     112  210288  210273  327301     104
CTRIA3  10320231     112102102881021027310327301     124
CTRIA3    320232     112  327301  328801  210288     104
CTRIA3  10320232     112103273011032880110210288     124
CTRIA3    320233     112  210282  328501  210285     104
CTRIA3  10320233     112102102821032850110210285     124
CTRIA3    320234     112  210282  328201  328501     104
CTRIA3  10320234     112102102821032820110328501     124
CTRIA3    320235     112  210282  210279  327901     104
CTRIA3  10320235     112102102821021027910327901     124
CTRIA3    320236     112  327901  328201  210282     104
CTRIA3  10320236     112103279011032820110210282     124
CTRIA3    320237     112  327901  328901  110289     104
CTRIA3  10320237     112103279011032890110110289     124
CTRIA3    320238     112  110289  110279  327901     104
CTRIA3  10320238     112101102891011027910327901     124
CTRIA3    320239     112  110289  328901  327601     104
CTRIA3  10320239     112101102891032890110327601     124
CTRIA3    320240     112  327601  110276  110289     104
CTRIA3  10320240     112103276011011027610110289     124
CTRIA3    320241     112  327601  328801  110288     104
CTRIA3  10320241     112103276011032880110110288     124
CTRIA3    320242     112  110288  110276  327601     104
CTRIA3  10320242     112101102881011027610327601     124
CTRIA3    320243     112  110282  328201  327901     104
CTRIA3  10320243     112101102821032820110327901     124
CTRIA3    320244     112  327901  110279  110282     104
CTRIA3  10320244     112103279011011027910110282     124
CTRIA3    320245     112  328501  328201  110282     104
CTRIA3  10320245     112103285011032820110110282     124
CTRIA3    320246     112  110282  110285  328501     104
CTRIA3  10320246     112101102821011028510328501     124
CTRIA3    320247     112  110273  328801  327301     104
CTRIA3  10320247     112101102731032880110327301     124
CTRIA3    320248     112  110273  110288  328801     104
CTRIA3  10320248     112101102731011028810328801     124
$CTRIA3    320249     112  110270  327001  326701     104
$CTRIA3  10320249     112101102701032700110326701     124
$CTRIA3    320250     112  326701  110267  110270     104
$CTRIA3  10320250     112103267011011026710110270     124
CTRIA3    320251     112  327301  327001  110270     104
CTRIA3  10320251     112103273011032700110110270     124
CTRIA3    320252     112  110270  110273  327301     104
CTRIA3  10320252     112101102701011027310327301     124
$CTRIA3    320253     112  324401  210244   10074     104
$CTRIA3  10320253     112103244011021024410010074     124
CTRIA3    320254     112   10024  210262  326201     104
CTRIA3  10320254     112100100241021026210326201     124
$CTRIA3    320255     112  110244  324401   10074     104
$CTRIA3  10320255     112101102441032440110010074     124
CTRIA3    320256     112   10024  326201  110262     104
CTRIA3  10320256     112100100241032620110110262     124
CTRIA3    320257     112  326601  210266  210253     104
CTRIA3  10320257     112103266011021026610210253     124
CTRIA3    320258     112  326601  210253  325301     104
CTRIA3  10320258     112103266011021025310325301     124
CTRIA3    320259     112  210256  326601  325601     104
CTRIA3  10320259     112102102561032660110325601     124
CTRIA3    320260     112  210266  326601  210256     104
CTRIA3  10320260     112102102661032660110210256     124
$CTRIA3    320261     112  324401  324701  210247     104
$CTRIA3  10320261     112103244011032470110210247     124
$CTRIA3    320262     112  210244  324401  210247     104
$CTRIA3  10320262     112102102441032440110210247     124
CTRIA3    320263     112  210247  324701  325001     104
CTRIA3  10320263     112102102471032470110325001     124
CTRIA3    320264     112  325001  210250  210247     104
CTRIA3  10320264     112103250011021025010210247     124
CTRIA3    320265     112  210265  326501  325301     104
CTRIA3  10320265     112102102651032650110325301     124
CTRIA3    320266     112  325301  210253  210265     104
CTRIA3  10320266     112103253011021025310210265     124
CTRIA3    320267     112  325001  326501  210265     104
CTRIA3  10320267     112103250011032650110210265     124
CTRIA3    320268     112  210265  210250  325001     104
CTRIA3  10320268     112102102651021025010325001     124
CTRIA3    320269     112  210259  326201  210262     104
CTRIA3  10320269     112102102591032620110210262     124
CTRIA3    320270     112  210259  325901  326201     104
CTRIA3  10320270     112102102591032590110326201     124
CTRIA3    320271     112  210259  210256  325601     104
CTRIA3  10320271     112102102591021025610325601     124
CTRIA3    320272     112  325601  325901  210259     104
CTRIA3  10320272     112103256011032590110210259     124
CTRIA3    320273     112  325601  326601  110266     104
CTRIA3  10320273     112103256011032660110110266     124
CTRIA3    320274     112  110266  110256  325601     104
CTRIA3  10320274     112101102661011025610325601     124
CTRIA3    320275     112  110259  325901  325601     104
CTRIA3  10320275     112101102591032590110325601     124
CTRIA3    320276     112  325601  110256  110259     104
CTRIA3  10320276     112103256011011025610110259     124
CTRIA3    320277     112  110253  326601  325301     104
CTRIA3  10320277     112101102531032660110325301     124
CTRIA3    320278     112  110253  110266  326601     104
CTRIA3  10320278     112101102531011026610326601     124
CTRIA3    320279     112  326201  325901  110262     104
CTRIA3  10320279     112103262011032590110110262     124
CTRIA3    320280     112  325901  110259  110262     104
CTRIA3  10320280     112103259011011025910110262     124
CTRIA3    320281     112  325301  326501  110265     104
CTRIA3  10320281     112103253011032650110110265     124
CTRIA3    320282     112  110265  110253  325301     104
CTRIA3  10320282     112101102651011025310325301     124
CTRIA3    320283     112  110250  326501  325001     104
CTRIA3  10320283     112101102501032650110325001     124
CTRIA3    320284     112  110250  110265  326501     104
CTRIA3  10320284     112101102501011026510326501     124
$CTRIA3    320285     112  110247  324701  324401     104
$CTRIA3  10320285     112101102471032470110324401     124
$CTRIA3    320286     112  324401  110244  110247     104
$CTRIA3  10320286     112103244011011024410110247     124
CTRIA3    320287     112  325001  324701  110247     104
CTRIA3  10320287     112103250011032470110110247     124
CTRIA3    320288     112  110247  110250  325001     104
CTRIA3  10320288     112101102471011025010325001     124
$CTRIA3    320289     112   10071  110221  322101     104
$CTRIA3  10320289     112100100711011022110322101     124
CTRIA3    320290     112  323901  110239   10027     104
CTRIA3  10320290     112103239011011023910010027     124
$CTRIA3    320291     112   10071  322101  210221     104
$CTRIA3  10320291     112100100711032210110210221     124
CTRIA3    320292     112  210239  323901   10027     104
CTRIA3  10320292     112102102391032390110010027     124
CTRIA3    320293     112  110230  110243  324301     104
CTRIA3  10320293     112101102301011024310324301     124
CTRIA3    320294     112  323001  110230  324301     104
CTRIA3  10320294     112103230011011023010324301     124
CTRIA3    320295     112  323301  324301  110233     104
CTRIA3  10320295     112103233011032430110110233     124
CTRIA3    320296     112  110233  324301  110243     104
CTRIA3  10320296     112101102331032430110110243     124
$CTRIA3    320297     112  110224  322401  322101     104
$CTRIA3  10320297     112101102241032240110322101     124
$CTRIA3    320298     112  110224  322101  110221     104
$CTRIA3  10320298     112101102241032210110110221     124
CTRIA3    320299     112  322701  322401  110224     104
CTRIA3  10320299     112103227011032240110110224     124
CTRIA3    320300     112  110224  110227  322701     104
CTRIA3  10320300     112101102241011022710322701     124
CTRIA3    320301     112  323001  324201  110242     104
CTRIA3  10320301     112103230011032420110110242     124
CTRIA3    320302     112  110242  110230  323001     104
CTRIA3  10320302     112101102421011023010323001     124
CTRIA3    320303     112  110242  324201  322701     104
CTRIA3  10320303     112101102421032420110322701     124
CTRIA3    320304     112  322701  110227  110242     104
CTRIA3  10320304     112103227011011022710110242     124
CTRIA3    320305     112  110239  323901  110236     104
CTRIA3  10320305     112101102391032390110110236     124
CTRIA3    320306     112  323901  323601  110236     104
CTRIA3  10320306     112103239011032360110110236     124
CTRIA3    320307     112  323301  110233  110236     104
CTRIA3  10320307     112103233011011023310110236     124
CTRIA3    320308     112  110236  323601  323301     104
CTRIA3  10320308     112101102361032360110323301     124
CTRIA3    320309     112  210243  324301  323301     104
CTRIA3  10320309     112102102431032430110323301     124
CTRIA3    320310     112  323301  210233  210243     104
CTRIA3  10320310     112103233011021023310210243     124
CTRIA3    320311     112  323301  323601  210236     104
CTRIA3  10320311     112103233011032360110210236     124
CTRIA3    320312     112  210236  210233  323301     104
CTRIA3  10320312     112102102361021023310323301     124
CTRIA3    320313     112  210236  323601  323901     104
CTRIA3  10320313     112102102361032360110323901     124
CTRIA3    320314     112  323901  210239  210236     104
CTRIA3  10320314     112103239011021023910210236     124
CTRIA3    320315     112  323001  324301  210230     104
CTRIA3  10320315     112103230011032430110210230     124
CTRIA3    320316     112  324301  210243  210230     104
CTRIA3  10320316     112103243011021024310210230     124
CTRIA3    320317     112  210230  324201  323001     104
CTRIA3  10320317     112102102301032420110323001     124
CTRIA3    320318     112  210230  210242  324201     104
CTRIA3  10320318     112102102301021024210324201     124
CTRIA3    320319     112  322701  324201  210227     104
CTRIA3  10320319     112103227011032420110210227     124
CTRIA3    320320     112  324201  210242  210227     104
CTRIA3  10320320     112103242011021024210210227     124
$CTRIA3    320321     112  322101  322401  210224     104
$CTRIA3  10320321     112103221011032240110210224     124
$CTRIA3    320322     112  210224  210221  322101     104
$CTRIA3  10320322     112102102241021022110322101     124
CTRIA3    320323     112  210224  322401  322701     104
CTRIA3  10320323     112102102241032240110322701     124
CTRIA3    320324     112  322701  210227  210224     104
CTRIA3  10320324     112103227011021022710210224     124
$CTRIA3    320325     112   10068  110198  319801     104
$CTRIA3  10320325     112100100681011019810319801     124
CTRIA3    320326     112  321601  110216   10030     104
CTRIA3  10320326     112103216011011021610010030     124
$CTRIA3    320327     112   10068  319801  210198     104
$CTRIA3  10320327     112100100681031980110210198     124
CTRIA3    320328     112  210216  321601   10030     104
CTRIA3  10320328     112102102161032160110010030     124
CTRIA3    320329     112  320701  110207  110220     104
CTRIA3  10320329     112103207011011020710110220     124
CTRIA3    320330     112  110220  322001  320701     104
CTRIA3  10320330     112101102201032200110320701     124
CTRIA3    320331     112  110220  110210  321001     104
CTRIA3  10320331     112101102201011021010321001     124
CTRIA3    320332     112  321001  322001  110220     104
CTRIA3  10320332     112103210011032200110110220     124
$CTRIA3    320333     112  110201  319801  110198     104
$CTRIA3  10320333     112101102011031980110110198     124
$CTRIA3    320334     112  110201  320101  319801     104
$CTRIA3  10320334     112101102011032010110319801     124
CTRIA3    320335     112  320401  320101  110201     104
CTRIA3  10320335     112103204011032010110110201     124
CTRIA3    320336     112  110201  110204  320401     104
CTRIA3  10320336     112101102011011020410320401     124
CTRIA3    320337     112  110219  110207  320701     104
CTRIA3  10320337     112101102191011020710320701     124
CTRIA3    320338     112  320701  321901  110219     104
CTRIA3  10320338     112103207011032190110110219     124
CTRIA3    320339     112  320401  110204  110219     104
CTRIA3  10320339     112103204011011020410110219     124
CTRIA3    320340     112  110219  321901  320401     104
CTRIA3  10320340     112101102191032190110320401     124
CTRIA3    320341     112  110216  321601  110213     104
CTRIA3  10320341     112101102161032160110110213     124
CTRIA3    320342     112  321601  321301  110213     104
CTRIA3  10320342     112103216011032130110110213     124
CTRIA3    320343     112  321001  110210  110213     104
CTRIA3  10320343     112103210011011021010110213     124
CTRIA3    320344     112  110213  321301  321001     104
CTRIA3  10320344     112101102131032130110321001     124
CTRIA3    320345     112  321001  321301  210213     104
CTRIA3  10320345     112103210011032130110210213     124
CTRIA3    320346     112  210213  210210  321001     104
CTRIA3  10320346     112102102131021021010321001     124
CTRIA3    320347     112  210220  322001  321001     104
CTRIA3  10320347     112102102201032200110321001     124
CTRIA3    320348     112  321001  210210  210220     104
CTRIA3  10320348     112103210011021021010210220     124
CTRIA3    320349     112  320701  322001  210220     104
CTRIA3  10320349     112103207011032200110210220     124
CTRIA3    320350     112  210220  210207  320701     104
CTRIA3  10320350     112102102201021020710320701     124
CTRIA3    320351     112  210219  321901  320701     104
CTRIA3  10320351     112102102191032190110320701     124
CTRIA3    320352     112  320701  210207  210219     104
CTRIA3  10320352     112103207011021020710210219     124
CTRIA3    320353     112  210216  321301  321601     104
CTRIA3  10320353     112102102161032130110321601     124
CTRIA3    320354     112  210216  210213  321301     104
CTRIA3  10320354     112102102161021021310321301     124
CTRIA3    320355     112  320401  321901  210204     104
CTRIA3  10320355     112103204011032190110210204     124
CTRIA3    320356     112  321901  210219  210204     104
CTRIA3  10320356     112103219011021021910210204     124
$CTRIA3    320357     112  319801  320101  210201     104
$CTRIA3  10320357     112103198011032010110210201     124
$CTRIA3    320358     112  210201  210198  319801     104
$CTRIA3  10320358     112102102011021019810319801     124
CTRIA3    320359     112  210201  320101  320401     104
CTRIA3  10320359     112102102011032010110320401     124
CTRIA3    320360     112  320401  210204  210201     104
CTRIA3  10320360     112103204011021020410210201     124
$CTRIA3    320361     112  317501  210175   10065     104
$CTRIA3  10320361     112103175011021017510010065     124
CTRIA3    320362     112   10033  210193  319301     104
CTRIA3  10320362     112100100331021019310319301     124
$CTRIA3    320363     112  110175  317501   10065     104
$CTRIA3  10320363     112101101751031750110010065     124
CTRIA3    320364     112   10033  319301  110193     104
CTRIA3  10320364     112100100331031930110110193     124
CTRIA3    320365     112  210197  210184  318401     104
CTRIA3  10320365     112102101971021018410318401     124
CTRIA3    320366     112  318401  319701  210197     104
CTRIA3  10320366     112103184011031970110210197     124
CTRIA3    320367     112  318701  210187  210197     104
CTRIA3  10320367     112103187011021018710210197     124
CTRIA3    320368     112  210197  319701  318701     104
CTRIA3  10320368     112102101971031970110318701     124
$CTRIA3    320369     112  210175  317501  210178     104
$CTRIA3  10320369     112102101751031750110210178     124
$CTRIA3    320370     112  317501  317801  210178     104
$CTRIA3  10320370     112103175011031780110210178     124
CTRIA3    320371     112  210178  317801  318101     104
CTRIA3  10320371     112102101781031780110318101     124
CTRIA3    320372     112  318101  210181  210178     104
CTRIA3  10320372     112103181011021018110210178     124
CTRIA3    320373     112  318401  210184  210196     104
CTRIA3  10320373     112103184011021018410210196     124
CTRIA3    320374     112  210196  319601  318401     104
CTRIA3  10320374     112102101961031960110318401     124
CTRIA3    320375     112  210196  210181  318101     104
CTRIA3  10320375     112102101961021018110318101     124
CTRIA3    320376     112  318101  319601  210196     104
CTRIA3  10320376     112103181011031960110210196     124
CTRIA3    320377     112  210190  319301  210193     104
CTRIA3  10320377     112102101901031930110210193     124
CTRIA3    320378     112  210190  319001  319301     104
CTRIA3  10320378     112102101901031900110319301     124
CTRIA3    320379     112  210190  210187  318701     104
CTRIA3  10320379     112102101901021018710318701     124
CTRIA3    320380     112  318701  319001  210190     104
CTRIA3  10320380     112103187011031900110210190     124
CTRIA3    320381     112  110184  319701  318401     104
CTRIA3  10320381     112101101841031970110318401     124
CTRIA3    320382     112  110184  110197  319701     104
CTRIA3  10320382     112101101841011019710319701     124
CTRIA3    320383     112  318701  319701  110187     104
CTRIA3  10320383     112103187011031970110110187     124
CTRIA3    320384     112  319701  110197  110187     104
CTRIA3  10320384     112103197011011019710110187     124
CTRIA3    320385     112  110187  319001  318701     104
CTRIA3  10320385     112101101871031900110318701     124
CTRIA3    320386     112  110187  110190  319001     104
CTRIA3  10320386     112101101871011019010319001     124
CTRIA3    320387     112  319301  319001  110193     104
CTRIA3  10320387     112103193011031900110110193     124
CTRIA3    320388     112  319001  110190  110193     104
CTRIA3  10320388     112103190011011019010110193     124
CTRIA3    320389     112  318401  319601  110196     104
CTRIA3  10320389     112103184011031960110110196     124
CTRIA3    320390     112  110196  110184  318401     104
CTRIA3  10320390     112101101961011018410318401     124
CTRIA3    320391     112  110181  319601  318101     104
CTRIA3  10320391     112101101811031960110318101     124
CTRIA3    320392     112  110181  110196  319601     104
CTRIA3  10320392     112101101811011019610319601     124
$CTRIA3    320393     112  110178  317801  317501     104
$CTRIA3  10320393     112101101781031780110317501     124
$CTRIA3    320394     112  317501  110175  110178     104
$CTRIA3  10320394     112103175011011017510110178     124
CTRIA3    320395     112  318101  317801  110178     104
CTRIA3  10320395     112103181011031780110110178     124
CTRIA3    320396     112  110178  110181  318101     104
CTRIA3  10320396     112101101781011018110318101     124
$CTRIA3    320397     112   10062  110152  315201     104
$CTRIA3  10320397     112100100621011015210315201     124
CTRIA3    320398     112  317001  110170   10036     104
CTRIA3  10320398     112103170011011017010010036     124
$CTRIA3    320399     112   10062  315201  210152     104
$CTRIA3  10320399     112100100621031520110210152     124
CTRIA3    320400     112  210170  317001   10036     104
CTRIA3  10320400     112102101701031700110010036     124
CTRIA3    320401     112  316101  110161  110174     104
CTRIA3  10320401     112103161011011016110110174     124
CTRIA3    320402     112  110174  317401  316101     104
CTRIA3  10320402     112101101741031740110316101     124
CTRIA3    320403     112  110174  110164  316401     104
CTRIA3  10320403     112101101741011016410316401     124
CTRIA3    320404     112  316401  317401  110174     104
CTRIA3  10320404     112103164011031740110110174     124
$CTRIA3    320405     112  110155  315201  110152     104
$CTRIA3  10320405     112101101551031520110110152     124
$CTRIA3    320406     112  110155  315501  315201     104
$CTRIA3  10320406     112101101551031550110315201     124
CTRIA3    320407     112  315801  315501  110155     104
CTRIA3  10320407     112103158011031550110110155     124
CTRIA3    320408     112  110155  110158  315801     104
CTRIA3  10320408     112101101551011015810315801     124
CTRIA3    320409     112  110173  110161  316101     104
CTRIA3  10320409     112101101731011016110316101     124
CTRIA3    320410     112  316101  317301  110173     104
CTRIA3  10320410     112103161011031730110110173     124
CTRIA3    320411     112  315801  110158  110173     104
CTRIA3  10320411     112103158011011015810110173     124
CTRIA3    320412     112  110173  317301  315801     104
CTRIA3  10320412     112101101731031730110315801     124
CTRIA3    320413     112  316401  110164  316701     104
CTRIA3  10320413     112103164011011016410316701     124
CTRIA3    320414     112  110164  110167  316701     104
CTRIA3  10320414     112101101641011016710316701     124
CTRIA3    320415     112  316701  110167  110170     104
CTRIA3  10320415     112103167011011016710110170     124
CTRIA3    320416     112  110170  317001  316701     104
CTRIA3  10320416     112101101701031700110316701     124
CTRIA3    320417     112  210174  317401  316401     104
CTRIA3  10320417     112102101741031740110316401     124
CTRIA3    320418     112  316401  210164  210174     104
CTRIA3  10320418     112103164011021016410210174     124
CTRIA3    320419     112  316101  317401  210161     104
CTRIA3  10320419     112103161011031740110210161     124
CTRIA3    320420     112  317401  210174  210161     104
CTRIA3  10320420     112103174011021017410210161     124
CTRIA3    320421     112  316401  316701  210167     104
CTRIA3  10320421     112103164011031670110210167     124
CTRIA3    320422     112  210167  210164  316401     104
CTRIA3  10320422     112102101671021016410316401     124
CTRIA3    320423     112  210167  316701  317001     104
CTRIA3  10320423     112102101671031670110317001     124
CTRIA3    320424     112  317001  210170  210167     104
CTRIA3  10320424     112103170011021017010210167     124
CTRIA3    320425     112  210173  317301  316101     104
CTRIA3  10320425     112102101731031730110316101     124
CTRIA3    320426     112  316101  210161  210173     104
CTRIA3  10320426     112103161011021016110210173     124
CTRIA3    320427     112  315801  317301  210173     104
CTRIA3  10320427     112103158011031730110210173     124
CTRIA3    320428     112  210173  210158  315801     104
CTRIA3  10320428     112102101731021015810315801     124
$CTRIA3    320429     112  315201  315501  210155     104
$CTRIA3  10320429     112103152011031550110210155     124
$CTRIA3    320430     112  210155  210152  315201     104
$CTRIA3  10320430     112102101551021015210315201     124
CTRIA3    320431     112  210155  315501  315801     104
CTRIA3  10320431     112102101551031550110315801     124
CTRIA3    320432     112  315801  210158  210155     104
CTRIA3  10320432     112103158011021015810210155     124
$CTRIA3    320433     112   10059  110122  312201     104
$CTRIA3  10320433     112100100591011012210312201     124
CTRIA3    320434     112  314701  110147   10039     104
CTRIA3  10320434     112103147011011014710010039     124
$CTRIA3    320435     112   10059  312201  210122     104
$CTRIA3  10320435     112100100591031220110210122     124
CTRIA3    320436     112  210147  314701   10039     104
CTRIA3  10320436     112102101471031470110010039     124
CTRIA3    320437     112  110132  110151  315101     104
CTRIA3  10320437     112101101321011015110315101     124
CTRIA3    320438     112  313201  110132  315101     104
CTRIA3  10320438     112103132011011013210315101     124
CTRIA3    320439     112  313701  315101  110137     104
CTRIA3  10320439     112103137011031510110110137     124
CTRIA3    320440     112  110137  315101  110151     104
CTRIA3  10320440     112101101371031510110110151     124
$CTRIA3    320441     112  110125  312501  312201     104
$CTRIA3  10320441     112101101251031250110312201     124
$CTRIA3    320442     112  110125  312201  110122     104
$CTRIA3  10320442     112101101251031220110110122     124
CTRIA3    320443     112  312801  312501  110125     104
CTRIA3  10320443     112103128011031250110110125     124
CTRIA3    320444     112  110125  110128  312801     104
CTRIA3  10320444     112101101251011012810312801     124
CTRIA3    320445     112  313201  315001  110150     104
CTRIA3  10320445     112103132011031500110110150     124
CTRIA3    320446     112  110150  110132  313201     104
CTRIA3  10320446     112101101501011013210313201     124
CTRIA3    320447     112  110150  315001  312801     104
CTRIA3  10320447     112101101501031500110312801     124
CTRIA3    320448     112  312801  110128  110150     104
CTRIA3  10320448     112103128011011012810110150     124
CTRIA3    320449     112  110147  314701  110142     104
CTRIA3  10320449     112101101471031470110110142     124
CTRIA3    320450     112  314701  314201  110142     104
CTRIA3  10320450     112103147011031420110110142     124
CTRIA3    320451     112  313701  110137  110142     104
CTRIA3  10320451     112103137011011013710110142     124
CTRIA3    320452     112  110142  314201  313701     104
CTRIA3  10320452     112101101421031420110313701     124
CTRIA3    320453     112  210151  315101  313701     104
CTRIA3  10320453     112102101511031510110313701     124
CTRIA3    320454     112  313701  210137  210151     104
CTRIA3  10320454     112103137011021013710210151     124
CTRIA3    320455     112  313701  314201  210142     104
CTRIA3  10320455     112103137011031420110210142     124
CTRIA3    320456     112  210142  210137  313701     104
CTRIA3  10320456     112102101421021013710313701     124
CTRIA3    320457     112  313201  315101  210132     104
CTRIA3  10320457     112103132011031510110210132     124
CTRIA3    320458     112  315101  210151  210132     104
CTRIA3  10320458     112103151011021015110210132     124
CTRIA3    320459     112  210147  314201  314701     104
CTRIA3  10320459     112102101471031420110314701     124
CTRIA3    320460     112  210147  210142  314201     104
CTRIA3  10320460     112102101471021014210314201     124
CTRIA3    320461     112  210150  315001  313201     104
CTRIA3  10320461     112102101501031500110313201     124
CTRIA3    320462     112  313201  210132  210150     104
CTRIA3  10320462     112103132011021013210210150     124
CTRIA3    320463     112  312801  315001  210128     104
CTRIA3  10320463     112103128011031500110210128     124
CTRIA3    320464     112  315001  210150  210128     104
CTRIA3  10320464     112103150011021015010210128     124
$CTRIA3    320465     112  312201  312501  210125     104
$CTRIA3  10320465     112103122011031250110210125     124
$CTRIA3    320466     112  210125  210122  312201     104
$CTRIA3  10320466     112102101251021012210312201     124
CTRIA3    320467     112  210125  312501  312801     104
CTRIA3  10320467     112102101251031250110312801     124
CTRIA3    320468     112  312801  210128  210125     104
CTRIA3  10320468     112103128011021012810210125     124
CTRIA3    320469     112   10056  311501  210115     104
CTRIA3  10320469     112100100561031150110210115     124
CTRIA3    320470     112  110115  311501   10056     104
CTRIA3  10320470     112101101151031150110010056     124
CTRIA3    320471     112   10042  210121  312101     104
CTRIA3  10320471     112100100421021012110312101     124
CTRIA3    320472     112  312101  110121   10042     104
CTRIA3  10320472     112103121011011012110010042     124
CTRIA3    320473     112  210109  310901  210118     104
CTRIA3  10320473     112102101091031090110210118     124
CTRIA3    320474     112  210118  310901  311801     104
CTRIA3  10320474     112102101181031090110311801     124
CTRIA3    320475     112  311801  310901  110118     104
CTRIA3  10320475     112103118011031090110110118     124
CTRIA3    320476     112  110118  310901  110109     104
CTRIA3  10320476     112101101181031090110110109     124
CTRIA3    320477     112  210116  310901  210109     104
CTRIA3  10320477     112102101161031090110210109     124
CTRIA3    320478     112  311601  310901  210116     104
CTRIA3  10320478     112103116011031090110210116     124
CTRIA3    320479     112  210116  210115  311501     104
CTRIA3  10320479     112102101161021011510311501     124
CTRIA3    320480     112  311501  311601  210116     104
CTRIA3  10320480     112103115011031160110210116     124
CTRIA3    320481     112  110109  310901  110116     104
CTRIA3  10320481     112101101091031090110110116     124
CTRIA3    320482     112  110116  310901  311601     104
CTRIA3  10320482     112101101161031090110311601     124
CTRIA3    320483     112  110116  311601  311501     104
CTRIA3  10320483     112101101161031160110311501     124
CTRIA3    320484     112  311501  110115  110116     104
CTRIA3  10320484     112103115011011011510110116     124
CTRIA3    320485     112  210120  312101  210121     104
CTRIA3  10320485     112102101201031210110210121     124
CTRIA3    320486     112  312001  312101  210120     104
CTRIA3  10320486     112103120011031210110210120     124
CTRIA3    320487     112  110120  312101  312001     104
CTRIA3  10320487     112101101201031210110312001     124
CTRIA3    320488     112  110121  312101  110120     104
CTRIA3  10320488     112101101211031210110110120     124
CTRIA3    320489     112  311201  210112  210119     104
CTRIA3  10320489     112103112011021011210210119     124
CTRIA3    320490     112  311201  210119  311901     104
CTRIA3  10320490     112103112011021011910311901     124
CTRIA3    320491     112  110119  110112  311201     104
CTRIA3  10320491     112101101191011011210311201     124
CTRIA3    320492     112  311901  110119  311201     104
CTRIA3  10320492     112103119011011011910311201     124
CTRIA3    320493     112  311201  210120  210112     104
CTRIA3  10320493     112103112011021012010210112     124
CTRIA3    320494     112  312001  210120  311201     104
CTRIA3  10320494     112103120011021012010311201     124
CTRIA3    320495     112  110112  110120  311201     104
CTRIA3  10320495     112101101121011012010311201     124
CTRIA3    320496     112  311201  110120  312001     104
CTRIA3  10320496     112103112011011012010312001     124
CTRIA3    320497     112  210119  210117  311701     104
CTRIA3  10320497     112102101191021011710311701     124
CTRIA3    320498     112  311901  210119  311701     104
CTRIA3  10320498     112103119011021011910311701     124
CTRIA3    320499     112  311701  110119  311901     104
CTRIA3  10320499     112103117011011011910311901     124
CTRIA3    320500     112  311701  110117  110119     104
CTRIA3  10320500     112103117011011011710110119     124
CTRIA3    320501     112  311701  210118  311801     104
CTRIA3  10320501     112103117011021011810311801     124
CTRIA3    320502     112  311701  210117  210118     104
CTRIA3  10320502     112103117011021011710210118     124
CTRIA3    320503     112  311801  110118  311701     104
CTRIA3  10320503     112103118011011011810311701     124
CTRIA3    320504     112  110118  110117  311701     104
CTRIA3  10320504     112101101181011011710311701     124
