CTRIA3    200001     114  210428   10097   10098     102
CTRIA3  10200001     114102104281001009710010098     122
CTRIA3    200002     114   10055  210099   10098     102
CTRIA3  10200002     114100100551021009910010098     122
CTRIA3    200003     114   10098  210099  210428     102
CTRIA3  10200003     114100100981021009910210428     122
CTRIA3    200004     114  210100  210428  210099     102
CTRIA3  10200004     114102101001021042810210099     122
CTRIA3    200005     114  210428  210100  210430     102
CTRIA3  10200005     114102104281021010010210430     122
CTRIA3    200006     114  210101  210430  210100     102
CTRIA3  10200006     114102101011021043010210100     122
CTRIA3    200007     114  210430  210101  210432     102
CTRIA3  10200007     114102104301021010110210432     122
CTRIA3    200008     114  210436  210102  210103     102
CTRIA3  10200008     114102104361021010210210103     122
CTRIA3    200009     114  210432  210102  210436     102
CTRIA3  10200009     114102104321021010210210436     122
CTRIA3    200010     114  210102  210432  210101     102
CTRIA3  10200010     114102101021021043210210101     122
CTRIA3    200011     114  210436  210433  210432     102
CTRIA3  10200011     114102104361021043310210432     122
CTRIA3    200012     114  210103  210437  210436     102
CTRIA3  10200012     114102101031021043710210436     122
CTRIA3    200013     114  210104  210437  210103     102
CTRIA3  10200013     114102101041021043710210103     122
CTRIA3    200014     114  210434  210437  210104     102
CTRIA3  10200014     114102104341021043710210104     122
CTRIA3    200015     114  210434  210414  210426     102
CTRIA3  10200015     114102104341021041410210426     122
CTRIA3    200016     114  210426  210411  210433     102
CTRIA3  10200016     114102104261021041110210433     122
CTRIA3    200017     114  210433  210436  210437     102
CTRIA3  10200017     114102104331021043610210437     122
CTRIA3    200018     114  210437  210426  210433     102
CTRIA3  10200018     114102104371021042610210433     122
CTRIA3    200019     114  210426  210437  210434     102
CTRIA3  10200019     114102104261021043710210434     122
CTRIA3    200020     114  210430  210432  210433     102
CTRIA3  10200020     114102104301021043210210433     122
CTRIA3    200021     114  210433  210431  210430     102
CTRIA3  10200021     114102104331021043110210430     122
$CTRIA3    200022     114  210428  210430  210431     102
$CTRIA3  10200022     114102104281021043010210431     122
$CTRIA3    200023     114  210431  210429  210428     102
$CTRIA3  10200023     114102104311021042910210428     122
$CTRIA3    200024     114  210405   10096  210429     102
$CTRIA3  10200024     114102104051001009610210429     122
$CTRIA3    200025     114   10096  210405   10095     102
$CTRIA3  10200025     114100100961021040510010095     122
CTRIA3    200026     114  210105  210434  210104     102
CTRIA3  10200026     114102101051021043410210104     122
CTRIA3    200027     114  210106  210438  210105     102
CTRIA3  10200027     114102101061021043810210105     122
CTRIA3    200028     114  210435  210438  210106     102
CTRIA3  10200028     114102104351021043810210106     122
CTRIA3    200029     114  210435  210417  210427     102
CTRIA3  10200029     114102104351021041710210427     122
CTRIA3    200030     114  210434  210105  210438     102
CTRIA3  10200030     114102104341021010510210438     122
CTRIA3    200031     114  210435  210427  210438     102
CTRIA3  10200031     114102104351021042710210438     122
CTRIA3    200032     114  210107  210435  210106     102
CTRIA3  10200032     114102101071021043510210106     122
CTRIA3    200033     114  210420  210435  210107     102
CTRIA3  10200033     114102104201021043510210107     122
CTRIA3    200034     114  210435  210420  210417     102
CTRIA3  10200034     114102104351021042010210417     122
CTRIA3    200035     114  210108  210420  210107     102
CTRIA3  10200035     114102101081021042010210107     122
CTRIA3    200036     114  210420  210108  210423     102
CTRIA3  10200036     114102104201021010810210423     122
CTRIA3    200037     114   10001  210423  210108     102
CTRIA3  10200037     114100100011021042310210108     122
CTRIA3    200038     114  210423   10001   10003     102
CTRIA3  10200038     114102104231001000110010003     122
$CTRIA3    200039     114  210423   10003   10004     102
$CTRIA3  10200039     114102104231001000310010004     122
$CTRIA3    200040     114  210423   10004  210424     102
$CTRIA3  10200040     114102104231001000410210424     122
$CTRIA3    200041     114  210424   10005  210425     102
$CTRIA3  10200041     114102104241001000510210425     122
$CTRIA3    200042     114   10005  210424   10004     102
$CTRIA3  10200042     114100100051021042410010004     122
$CTRIA3    200043     114  210420  210423  210424     102
$CTRIA3  10200043     114102104201021042310210424     122
$CTRIA3    200044     114  210420  210424  210421     102
$CTRIA3  10200044     114102104201021042410210421     122
$CTRIA3    200045     114  210421  210425  210422     102
$CTRIA3  10200045     114102104211021042510210422     122
$CTRIA3    200046     114  210425  210421  210424     102
$CTRIA3  10200046     114102104251021042110210424     122
CTRIA3    200047     114  210417  210420  210421     102
CTRIA3  10200047     114102104171021042010210421     122
CTRIA3    200048     114  210417  210421  210418     102
CTRIA3  10200048     114102104171021042110210418     122
CTRIA3    200049     114  210394  210422  210397     102
CTRIA3  10200049     114102103941021042210210397     122
CTRIA3    200050     114  210419  210422  210394     102
CTRIA3  10200050     114102104191021042210210394     122
CTRIA3    200051     114  210418  210422  210419     102
CTRIA3  10200051     114102104181021042210210419     122
CTRIA3    200052     114  210422  210418  210421     102
CTRIA3  10200052     114102104221021041810210421     122
CTRIA3    200053     114  210418  210427  210417     102
CTRIA3  10200053     114102104181021042710210417     122
CTRIA3    200054     114  210419  210439  210418     102
CTRIA3  10200054     114102104191021043910210418     122
CTRIA3    200055     114  210419  210394  210404     102
CTRIA3  10200055     114102104191021039410210404     122
CTRIA3    200056     114  210404  210391  210416     102
CTRIA3  10200056     114102104041021039110210416     122
CTRIA3    200057     114  210419  210404  210439     102
CTRIA3  10200057     114102104191021040410210439     122
CTRIA3    200058     114  210439  210404  210416     102
CTRIA3  10200058     114102104391021040410210416     122
CTRIA3    200059     114  210415  210439  210416     102
CTRIA3  10200059     114102104151021043910210416     122
CTRIA3    200060     114  210415  210414  210427     102
CTRIA3  10200060     114102104151021041410210427     122
CTRIA3    200061     114  210418  210439  210427     102
CTRIA3  10200061     114102104181021043910210427     122
CTRIA3    200062     114  210427  210439  210415     102
CTRIA3  10200062     114102104271021043910210415     122
CTRIA3    200063     114  210415  210426  210414     102
CTRIA3  10200063     114102104151021042610210414     122
CTRIA3    200064     114  210416  210440  210415     102
CTRIA3  10200064     114102104161021044010210415     122
CTRIA3    200065     114  210416  210391  210403     102
CTRIA3  10200065     114102104161021039110210403     122
CTRIA3    200066     114  210403  210388  210413     102
CTRIA3  10200066     114102104031021038810210413     122
CTRIA3    200067     114  210412  210441  210413     102
CTRIA3  10200067     114102104121021044110210413     122
CTRIA3    200068     114  210426  210415  210440     102
CTRIA3  10200068     114102104261021041510210440     122
CTRIA3    200069     114  210440  210416  210403     102
CTRIA3  10200069     114102104401021041610210403     122
CTRIA3    200070     114  210440  210403  210413     102
CTRIA3  10200070     114102104401021040310210413     122
CTRIA3    200071     114  210440  210413  210441     102
CTRIA3  10200071     114102104401021041310210441     122
CTRIA3    200072     114  210441  210426  210440     102
CTRIA3  10200072     114102104411021042610210440     122
CTRIA3    200073     114  210411  210409  210408     102
CTRIA3  10200073     114102104111021040910210408     122
CTRIA3    200074     114  210412  210409  210411     102
CTRIA3  10200074     114102104121021040910210411     122
CTRIA3    200075     114  210413  210409  210412     102
CTRIA3  10200075     114102104131021040910210412     122
CTRIA3    200076     114  210413  210410  210409     102
CTRIA3  10200076     114102104131021041010210409     122
$CTRIA3    200077     114  210385  210407  210410     102
$CTRIA3  10200077     114102103851021040710210410     122
$CTRIA3    200078     114  210407  210385  210382     102
$CTRIA3  10200078     114102104071021038510210382     122
$CTRIA3    200079     114  210406   10095  210405     102
$CTRIA3  10200079     114102104061001009510210405     122
$CTRIA3    200080     114  210406   10094   10095     102
$CTRIA3  10200080     114102104061001009410010095     122
$CTRIA3    200081     114  210382   10093  210407     102
$CTRIA3  10200081     114102103821001009310210407     122
$CTRIA3    200082     114   10093  210382   10092     102
$CTRIA3  10200082     114100100931021038210010092     122
$CTRIA3    200083     114   10008  210401   10007     102
$CTRIA3  10200083     114100100081021040110010007     122
$CTRIA3    200084     114   10008  210402  210401     102
$CTRIA3  10200084     114100100081021040210210401     122
$CTRIA3    200085     114  210397  210400  210401     102
$CTRIA3  10200085     114102103971021040010210401     122
$CTRIA3    200086     114  210397  210401  210398     102
$CTRIA3  10200086     114102103971021040110210398     122
$CTRIA3    200087     114  210398  210402  210399     102
$CTRIA3  10200087     114102103981021040210210399     122
$CTRIA3    200088     114  210402  210398  210401     102
$CTRIA3  10200088     114102104021021039810210401     122
CTRIA3    200089     114  210394  210397  210398     102
CTRIA3  10200089     114102103941021039710210398     122
CTRIA3    200090     114  210394  210398  210395     102
CTRIA3  10200090     114102103941021039810210395     122
CTRIA3    200091     114  210371  210399  210374     102
CTRIA3  10200091     114102103711021039910210374     122
CTRIA3    200092     114  210396  210399  210371     102
CTRIA3  10200092     114102103961021039910210371     122
CTRIA3    200093     114  210395  210399  210396     102
CTRIA3  10200093     114102103951021039910210396     122
CTRIA3    200094     114  210399  210395  210398     102
CTRIA3  10200094     114102103991021039510210398     122
CTRIA3    200095     114  210395  210404  210394     102
CTRIA3  10200095     114102103951021040410210394     122
CTRIA3    200096     114  210396  210442  210395     102
CTRIA3  10200096     114102103961021044210210395     122
CTRIA3    200097     114  210396  210371  210381     102
CTRIA3  10200097     114102103961021037110210381     122
CTRIA3    200098     114  210381  210368  210393     102
CTRIA3  10200098     114102103811021036810210393     122
CTRIA3    200099     114  210396  210381  210442     102
CTRIA3  10200099     114102103961021038110210442     122
CTRIA3    200100     114  210442  210381  210393     102
CTRIA3  10200100     114102104421021038110210393     122
CTRIA3    200101     114  210392  210442  210393     102
CTRIA3  10200101     114102103921021044210210393     122
CTRIA3    200102     114  210392  210391  210404     102
CTRIA3  10200102     114102103921021039110210404     122
CTRIA3    200103     114  210395  210442  210404     102
CTRIA3  10200103     114102103951021044210210404     122
CTRIA3    200104     114  210404  210442  210392     102
CTRIA3  10200104     114102104041021044210210392     122
CTRIA3    200105     114  210392  210403  210391     102
CTRIA3  10200105     114102103921021040310210391     122
CTRIA3    200106     114  210393  210443  210392     102
CTRIA3  10200106     114102103931021044310210392     122
CTRIA3    200107     114  210393  210368  210380     102
CTRIA3  10200107     114102103931021036810210380     122
CTRIA3    200108     114  210380  210365  210390     102
CTRIA3  10200108     114102103801021036510210390     122
CTRIA3    200109     114  210389  210444  210390     102
CTRIA3  10200109     114102103891021044410210390     122
CTRIA3    200110     114  210403  210392  210443     102
CTRIA3  10200110     114102104031021039210210443     122
CTRIA3    200111     114  210443  210393  210380     102
CTRIA3  10200111     114102104431021039310210380     122
CTRIA3    200112     114  210443  210380  210390     102
CTRIA3  10200112     114102104431021038010210390     122
CTRIA3    200113     114  210443  210390  210444     102
CTRIA3  10200113     114102104431021039010210444     122
CTRIA3    200114     114  210444  210403  210443     102
CTRIA3  10200114     114102104441021040310210443     122
CTRIA3    200115     114  210388  210386  210385     102
CTRIA3  10200115     114102103881021038610210385     122
CTRIA3    200116     114  210389  210386  210388     102
CTRIA3  10200116     114102103891021038610210388     122
CTRIA3    200117     114  210390  210386  210389     102
CTRIA3  10200117     114102103901021038610210389     122
CTRIA3    200118     114  210390  210387  210386     102
CTRIA3  10200118     114102103901021038710210386     122
$CTRIA3    200119     114  210362  210384  210387     102
$CTRIA3  10200119     114102103621021038410210387     122
$CTRIA3    200120     114  210384  210362  210359     102
$CTRIA3  10200120     114102103841021036210210359     122
$CTRIA3    200121     114  210383   10092  210382     102
$CTRIA3  10200121     114102103831001009210210382     122
$CTRIA3    200122     114  210383   10091   10092     102
$CTRIA3  10200122     114102103831001009110010092     122
$CTRIA3    200123     114  210359   10090  210384     102
$CTRIA3  10200123     114102103591001009010210384     122
$CTRIA3    200124     114   10090  210359   10089     102
$CTRIA3  10200124     114100100901021035910010089     122
$CTRIA3    200125     114   10011  210378   10010     102
$CTRIA3  10200125     114100100111021037810010010     122
$CTRIA3    200126     114   10011  210379  210378     102
$CTRIA3  10200126     114100100111021037910210378     122
$CTRIA3    200127     114  210374  210377  210378     102
$CTRIA3  10200127     114102103741021037710210378     122
$CTRIA3    200128     114  210374  210378  210375     102
$CTRIA3  10200128     114102103741021037810210375     122
$CTRIA3    200129     114  210375  210379  210376     102
$CTRIA3  10200129     114102103751021037910210376     122
$CTRIA3    200130     114  210379  210375  210378     102
$CTRIA3  10200130     114102103791021037510210378     122
CTRIA3    200131     114  210376  210372  210375     102
CTRIA3  10200131     114102103761021037210210375     122
CTRIA3    200132     114  210376  210351  210348     102
CTRIA3  10200132     114102103761021035110210348     122
CTRIA3    200133     114  210373  210376  210348     102
CTRIA3  10200133     114102103731021037610210348     122
CTRIA3    200134     114  210376  210373  210372     102
CTRIA3  10200134     114102103761021037310210372     122
CTRIA3    200135     114  210372  210381  210371     102
CTRIA3  10200135     114102103721021038110210371     122
CTRIA3    200136     114  210373  210445  210372     102
CTRIA3  10200136     114102103731021044510210372     122
CTRIA3    200137     114  210373  210348  210358     102
CTRIA3  10200137     114102103731021034810210358     122
CTRIA3    200138     114  210358  210345  210370     102
CTRIA3  10200138     114102103581021034510210370     122
CTRIA3    200139     114  210373  210358  210445     102
CTRIA3  10200139     114102103731021035810210445     122
CTRIA3    200140     114  210445  210358  210370     102
CTRIA3  10200140     114102104451021035810210370     122
CTRIA3    200141     114  210369  210445  210370     102
CTRIA3  10200141     114102103691021044510210370     122
CTRIA3    200142     114  210369  210368  210381     102
CTRIA3  10200142     114102103691021036810210381     122
CTRIA3    200143     114  210372  210445  210381     102
CTRIA3  10200143     114102103721021044510210381     122
CTRIA3    200144     114  210381  210445  210369     102
CTRIA3  10200144     114102103811021044510210369     122
CTRIA3    200145     114  210369  210380  210368     102
CTRIA3  10200145     114102103691021038010210368     122
CTRIA3    200146     114  210370  210446  210369     102
CTRIA3  10200146     114102103701021044610210369     122
CTRIA3    200147     114  210370  210345  210357     102
CTRIA3  10200147     114102103701021034510210357     122
CTRIA3    200148     114  210357  210342  210367     102
CTRIA3  10200148     114102103571021034210210367     122
CTRIA3    200149     114  210366  210447  210367     102
CTRIA3  10200149     114102103661021044710210367     122
CTRIA3    200150     114  210380  210369  210446     102
CTRIA3  10200150     114102103801021036910210446     122
CTRIA3    200151     114  210446  210370  210357     102
CTRIA3  10200151     114102104461021037010210357     122
CTRIA3    200152     114  210446  210357  210367     102
CTRIA3  10200152     114102104461021035710210367     122
CTRIA3    200153     114  210446  210367  210447     102
CTRIA3  10200153     114102104461021036710210447     122
CTRIA3    200154     114  210447  210380  210446     102
CTRIA3  10200154     114102104471021038010210446     122
CTRIA3    200155     114  210365  210363  210362     102
CTRIA3  10200155     114102103651021036310210362     122
CTRIA3    200156     114  210366  210363  210365     102
CTRIA3  10200156     114102103661021036310210365     122
CTRIA3    200157     114  210367  210363  210366     102
CTRIA3  10200157     114102103671021036310210366     122
CTRIA3    200158     114  210367  210364  210363     102
CTRIA3  10200158     114102103671021036410210363     122
$CTRIA3    200159     114  210339  210361  210364     102
$CTRIA3  10200159     114102103391021036110210364     122
$CTRIA3    200160     114  210361  210339  210336     102
$CTRIA3  10200160     114102103611021033910210336     122
$CTRIA3    200161     114  210360   10089  210359     102
$CTRIA3  10200161     114102103601001008910210359     122
$CTRIA3    200162     114  210360   10088   10089     102
$CTRIA3  10200162     114102103601001008810010089     122
$CTRIA3    200163     114  210336   10087  210361     102
$CTRIA3  10200163     114102103361001008710210361     122
$CTRIA3    200164     114   10087  210336   10086     102
$CTRIA3  10200164     114100100871021033610010086     122
$CTRIA3    200165     114   10014  210355   10013     102
$CTRIA3  10200165     114100100141021035510010013     122
$CTRIA3    200166     114   10014  210356  210355     102
$CTRIA3  10200166     114100100141021035610210355     122
$CTRIA3    200167     114  210351  210354  210355     102
$CTRIA3  10200167     114102103511021035410210355     122
$CTRIA3    200168     114  210351  210355  210352     102
$CTRIA3  10200168     114102103511021035510210352     122
$CTRIA3    200169     114  210328  210356  210331     102
$CTRIA3  10200169     114102103281021035610210331     122
$CTRIA3    200170     114  210353  210356  210328     102
$CTRIA3  10200170     114102103531021035610210328     122
$CTRIA3    200171     114  210352  210356  210353     102
$CTRIA3  10200171     114102103521021035610210353     122
$CTRIA3    200172     114  210356  210352  210355     102
$CTRIA3  10200172     114102103561021035210210355     122
CTRIA3    200173     114  210353  210349  210352     102
CTRIA3  10200173     114102103531021034910210352     122
CTRIA3    200174     114  210353  210328  210325     102
CTRIA3  10200174     114102103531021032810210325     122
CTRIA3    200175     114  210350  210353  210325     102
CTRIA3  10200175     114102103501021035310210325     122
CTRIA3    200176     114  210353  210350  210349     102
CTRIA3  10200176     114102103531021035010210349     122
CTRIA3    200177     114  210349  210358  210348     102
CTRIA3  10200177     114102103491021035810210348     122
CTRIA3    200178     114  210350  210448  210349     102
CTRIA3  10200178     114102103501021044810210349     122
CTRIA3    200179     114  210350  210325  210335     102
CTRIA3  10200179     114102103501021032510210335     122
CTRIA3    200180     114  210335  210322  210347     102
CTRIA3  10200180     114102103351021032210210347     122
CTRIA3    200181     114  210350  210335  210448     102
CTRIA3  10200181     114102103501021033510210448     122
CTRIA3    200182     114  210448  210335  210347     102
CTRIA3  10200182     114102104481021033510210347     122
CTRIA3    200183     114  210346  210448  210347     102
CTRIA3  10200183     114102103461021044810210347     122
CTRIA3    200184     114  210346  210345  210358     102
CTRIA3  10200184     114102103461021034510210358     122
CTRIA3    200185     114  210349  210448  210358     102
CTRIA3  10200185     114102103491021044810210358     122
CTRIA3    200186     114  210358  210448  210346     102
CTRIA3  10200186     114102103581021044810210346     122
CTRIA3    200187     114  210346  210357  210345     102
CTRIA3  10200187     114102103461021035710210345     122
CTRIA3    200188     114  210347  210449  210346     102
CTRIA3  10200188     114102103471021044910210346     122
CTRIA3    200189     114  210347  210322  210334     102
CTRIA3  10200189     114102103471021032210210334     122
CTRIA3    200190     114  210334  210319  210344     102
CTRIA3  10200190     114102103341021031910210344     122
CTRIA3    200191     114  210343  210450  210344     102
CTRIA3  10200191     114102103431021045010210344     122
CTRIA3    200192     114  210357  210346  210449     102
CTRIA3  10200192     114102103571021034610210449     122
CTRIA3    200193     114  210449  210347  210334     102
CTRIA3  10200193     114102104491021034710210334     122
CTRIA3    200194     114  210449  210334  210344     102
CTRIA3  10200194     114102104491021033410210344     122
CTRIA3    200195     114  210449  210344  210450     102
CTRIA3  10200195     114102104491021034410210450     122
CTRIA3    200196     114  210450  210357  210449     102
CTRIA3  10200196     114102104501021035710210449     122
CTRIA3    200197     114  210342  210340  210339     102
CTRIA3  10200197     114102103421021034010210339     122
CTRIA3    200198     114  210343  210340  210342     102
CTRIA3  10200198     114102103431021034010210342     122
CTRIA3    200199     114  210344  210340  210343     102
CTRIA3  10200199     114102103441021034010210343     122
CTRIA3    200200     114  210344  210341  210340     102
CTRIA3  10200200     114102103441021034110210340     122
$CTRIA3    200201     114  210338  210316  210313     102
$CTRIA3  10200201     114102103381021031610210313     122
$CTRIA3    200202     114  210338  210341  210316     102
$CTRIA3  10200202     114102103381021034110210316     122
$CTRIA3    200203     114  210336  210339  210337     102
$CTRIA3  10200203     114102103361021033910210337     122
$CTRIA3    200204     114  210337  210339  210340     102
$CTRIA3  10200204     114102103371021033910210340     122
$CTRIA3    200205     114  210337   10086  210336     102
$CTRIA3  10200205     114102103371001008610210336     122
$CTRIA3    200206     114  210337   10085   10086     102
$CTRIA3  10200206     114102103371001008510010086     122
$CTRIA3    200207     114  210313   10084  210338     102
$CTRIA3  10200207     114102103131001008410210338     122
$CTRIA3    200208     114   10084  210313   10083     102
$CTRIA3  10200208     114100100841021031310010083     122
CTRIA3    200209     114   10017  210332   10016     102
CTRIA3  10200209     114100100171021033210010016     122
CTRIA3    200210     114   10017  210333  210332     102
CTRIA3  10200210     114100100171021033310210332     122
CTRIA3    200211     114  210328  210331  210332     102
CTRIA3  10200211     114102103281021033110210332     122
CTRIA3    200212     114  210328  210332  210329     102
CTRIA3  10200212     114102103281021033210210329     122
CTRIA3    200213     114  210329  210333  210330     102
CTRIA3  10200213     114102103291021033310210330     122
CTRIA3    200214     114  210333  210329  210332     102
CTRIA3  10200214     114102103331021032910210332     122
CTRIA3    200215     114  210302  210330  210305     102
CTRIA3  10200215     114102103021021033010210305     122
CTRIA3    200216     114  210327  210330  210302     102
CTRIA3  10200216     114102103271021033010210302     122
CTRIA3    200217     114  210326  210330  210327     102
CTRIA3  10200217     114102103261021033010210327     122
CTRIA3    200218     114  210326  210329  210330     102
CTRIA3  10200218     114102103261021032910210330     122
CTRIA3    200219     114  210312  210327  210302     102
CTRIA3  10200219     114102103121021032710210302     122
CTRIA3    200220     114  210312  210299  210324     102
CTRIA3  10200220     114102103121021029910210324     122
CTRIA3    200221     114  210323  210451  210324     102
CTRIA3  10200221     114102103231021045110210324     122
CTRIA3    200222     114  210323  210322  210335     102
CTRIA3  10200222     114102103231021032210210335     122
CTRIA3    200223     114  210335  210325  210326     102
CTRIA3  10200223     114102103351021032510210326     122
CTRIA3    200224     114  210323  210335  210451     102
CTRIA3  10200224     114102103231021033510210451     122
CTRIA3    200225     114  210451  210335  210326     102
CTRIA3  10200225     114102104511021033510210326     122
CTRIA3    200226     114  210327  210451  210326     102
CTRIA3  10200226     114102103271021045110210326     122
CTRIA3    200227     114  210312  210451  210327     102
CTRIA3  10200227     114102103121021045110210327     122
CTRIA3    200228     114  210451  210312  210324     102
CTRIA3  10200228     114102104511021031210210324     122
CTRIA3    200229     114  210323  210334  210322     102
CTRIA3  10200229     114102103231021033410210322     122
CTRIA3    200230     114  210324  210452  210323     102
CTRIA3  10200230     114102103241021045210210323     122
CTRIA3    200231     114  210324  210299  210311     102
CTRIA3  10200231     114102103241021029910210311     122
CTRIA3    200232     114  210311  210296  210321     102
CTRIA3  10200232     114102103111021029610210321     122
CTRIA3    200233     114  210324  210311  210452     102
CTRIA3  10200233     114102103241021031110210452     122
CTRIA3    200234     114  210452  210311  210321     102
CTRIA3  10200234     114102104521021031110210321     122
CTRIA3    200235     114  210320  210452  210321     102
CTRIA3  10200235     114102103201021045210210321     122
CTRIA3    200236     114  210320  210319  210334     102
CTRIA3  10200236     114102103201021031910210334     122
CTRIA3    200237     114  210323  210452  210334     102
CTRIA3  10200237     114102103231021045210210334     122
CTRIA3    200238     114  210334  210452  210320     102
CTRIA3  10200238     114102103341021045210210320     122
CTRIA3    200239     114  210319  210317  210316     102
CTRIA3  10200239     114102103191021031710210316     122
CTRIA3    200240     114  210320  210317  210319     102
CTRIA3  10200240     114102103201021031710210319     122
CTRIA3    200241     114  210321  210317  210320     102
CTRIA3  10200241     114102103211021031710210320     122
CTRIA3    200242     114  210321  210318  210317     102
CTRIA3  10200242     114102103211021031810210317     122
$CTRIA3    200243     114  210316  210314  210313     102
$CTRIA3  10200243     114102103161021031410210313     122
$CTRIA3    200244     114  210317  210314  210316     102
$CTRIA3  10200244     114102103171021031410210316     122
$CTRIA3    200245     114  210318  210314  210317     102
$CTRIA3  10200245     114102103181021031410210317     122
$CTRIA3    200246     114  210318  210315  210314     102
$CTRIA3  10200246     114102103181021031510210314     122
$CTRIA3    200247     114  210315   10082  210314     102
$CTRIA3  10200247     114102103151001008210210314     122
$CTRIA3    200248     114  210315   10081   10082     102
$CTRIA3  10200248     114102103151001008110010082     122
CTRIA3    200249     114   10020  210309   10019     102
CTRIA3  10200249     114100100201021030910010019     122
CTRIA3    200250     114   10020  210310  210309     102
CTRIA3  10200250     114100100201021031010210309     122
CTRIA3    200251     114  210305  210308  210309     102
CTRIA3  10200251     114102103051021030810210309     122
CTRIA3    200252     114  210305  210309  210306     102
CTRIA3  10200252     114102103051021030910210306     122
CTRIA3    200253     114  210282  210310  210285     102
CTRIA3  10200253     114102102821021031010210285     122
CTRIA3    200254     114  210307  210310  210282     102
CTRIA3  10200254     114102103071021031010210282     122
CTRIA3    200255     114  210306  210310  210307     102
CTRIA3  10200255     114102103061021031010210307     122
CTRIA3    200256     114  210310  210306  210309     102
CTRIA3  10200256     114102103101021030610210309     122
CTRIA3    200257     114  210279  210307  210282     102
CTRIA3  10200257     114102102791021030710210282     122
CTRIA3    200258     114  210304  210307  210279     102
CTRIA3  10200258     114102103041021030710210279     122
CTRIA3    200259     114  210303  210307  210304     102
CTRIA3  10200259     114102103031021030710210304     122
CTRIA3    200260     114  210303  210306  210307     102
CTRIA3  10200260     114102103031021030610210307     122
CTRIA3    200261     114  210312  210300  210299     102
CTRIA3  10200261     114102103121021030010210299     122
CTRIA3    200262     114  210312  210302  210303     102
CTRIA3  10200262     114102103121021030210210303     122
CTRIA3    200263     114  210304  210453  210303     102
CTRIA3  10200263     114102103041021045310210303     122
CTRIA3    200264     114  210304  210279  210289     102
CTRIA3  10200264     114102103041021027910210289     122
CTRIA3    200265     114  210289  210276  210301     102
CTRIA3  10200265     114102102891021027610210301     122
CTRIA3    200266     114  210304  210289  210453     102
CTRIA3  10200266     114102103041021028910210453     122
CTRIA3    200267     114  210453  210289  210301     102
CTRIA3  10200267     114102104531021028910210301     122
CTRIA3    200268     114  210300  210453  210301     102
CTRIA3  10200268     114102103001021045310210301     122
CTRIA3    200269     114  210312  210453  210300     102
CTRIA3  10200269     114102103121021045310210300     122
CTRIA3    200270     114  210453  210312  210303     102
CTRIA3  10200270     114102104531021031210210303     122
CTRIA3    200271     114  210298  210288  210273     102
CTRIA3  10200271     114102102981021028810210273     122
CTRIA3    200272     114  210297  210454  210298     102
CTRIA3  10200272     114102102971021045410210298     122
CTRIA3    200273     114  210297  210296  210311     102
CTRIA3  10200273     114102102971021029610210311     122
CTRIA3    200274     114  210311  210299  210300     102
CTRIA3  10200274     114102103111021029910210300     122
CTRIA3    200275     114  210297  210311  210454     102
CTRIA3  10200275     114102102971021031110210454     122
CTRIA3    200276     114  210454  210311  210300     102
CTRIA3  10200276     114102104541021031110210300     122
CTRIA3    200277     114  210301  210454  210300     102
CTRIA3  10200277     114102103011021045410210300     122
CTRIA3    200278     114  210301  210276  210288     102
CTRIA3  10200278     114102103011021027610210288     122
CTRIA3    200279     114  210298  210454  210288     102
CTRIA3  10200279     114102102981021045410210288     122
CTRIA3    200280     114  210288  210454  210301     102
CTRIA3  10200280     114102102881021045410210301     122
CTRIA3    200281     114  210296  210294  210293     102
CTRIA3  10200281     114102102961021029410210293     122
CTRIA3    200282     114  210297  210294  210296     102
CTRIA3  10200282     114102102971021029410210296     122
CTRIA3    200283     114  210298  210294  210297     102
CTRIA3  10200283     114102102981021029410210297     122
CTRIA3    200284     114  210298  210295  210294     102
CTRIA3  10200284     114102102981021029510210294     122
$CTRIA3    200285     114  210293  210291  210290     102
$CTRIA3  10200285     114102102931021029110210290     122
$CTRIA3    200286     114  210294  210291  210293     102
$CTRIA3  10200286     114102102941021029110210293     122
$CTRIA3    200287     114  210295  210291  210294     102
$CTRIA3  10200287     114102102951021029110210294     122
$CTRIA3    200288     114  210295  210292  210291     102
$CTRIA3  10200288     114102102951021029210210291     122
$CTRIA3    200289     114  210292   10079  210291     102
$CTRIA3  10200289     114102102921001007910210291     122
$CTRIA3    200290     114  210292   10078   10079     102
$CTRIA3  10200290     114102102921001007810010079     122
CTRIA3    200291     114   10023  210286   10022     102
CTRIA3  10200291     114100100231021028610010022     122
CTRIA3    200292     114   10023  210287  210286     102
CTRIA3  10200292     114100100231021028710210286     122
CTRIA3    200293     114  210282  210285  210286     102
CTRIA3  10200293     114102102821021028510210286     122
CTRIA3    200294     114  210282  210286  210283     102
CTRIA3  10200294     114102102821021028610210283     122
CTRIA3    200295     114  210259  210287  210262     102
CTRIA3  10200295     114102102591021028710210262     122
CTRIA3    200296     114  210284  210287  210259     102
CTRIA3  10200296     114102102841021028710210259     122
CTRIA3    200297     114  210283  210287  210284     102
CTRIA3  10200297     114102102831021028710210284     122
CTRIA3    200298     114  210287  210283  210286     102
CTRIA3  10200298     114102102871021028310210286     122
CTRIA3    200299     114  210256  210284  210259     102
CTRIA3  10200299     114102102561021028410210259     122
CTRIA3    200300     114  210281  210284  210256     102
CTRIA3  10200300     114102102811021028410210256     122
CTRIA3    200301     114  210280  210284  210281     102
CTRIA3  10200301     114102102801021028410210281     122
CTRIA3    200302     114  210280  210283  210284     102
CTRIA3  10200302     114102102801021028310210284     122
CTRIA3    200303     114  210289  210277  210276     102
CTRIA3  10200303     114102102891021027710210276     122
CTRIA3    200304     114  210289  210279  210280     102
CTRIA3  10200304     114102102891021027910210280     122
CTRIA3    200305     114  210281  210455  210280     102
CTRIA3  10200305     114102102811021045510210280     122
CTRIA3    200306     114  210281  210256  210266     102
CTRIA3  10200306     114102102811021025610210266     122
CTRIA3    200307     114  210266  210253  210278     102
CTRIA3  10200307     114102102661021025310210278     122
CTRIA3    200308     114  210281  210266  210455     102
CTRIA3  10200308     114102102811021026610210455     122
CTRIA3    200309     114  210455  210266  210278     102
CTRIA3  10200309     114102104551021026610210278     122
CTRIA3    200310     114  210277  210455  210278     102
CTRIA3  10200310     114102102771021045510210278     122
CTRIA3    200311     114  210289  210455  210277     102
CTRIA3  10200311     114102102891021045510210277     122
CTRIA3    200312     114  210455  210289  210280     102
CTRIA3  10200312     114102104551021028910210280     122
CTRIA3    200313     114  210277  210288  210276     102
CTRIA3  10200313     114102102771021028810210276     122
CTRIA3    200314     114  210278  210456  210277     102
CTRIA3  10200314     114102102781021045610210277     122
CTRIA3    200315     114  210278  210253  210265     102
CTRIA3  10200315     114102102781021025310210265     122
CTRIA3    200316     114  210265  210250  210275     102
CTRIA3  10200316     114102102651021025010210275     122
CTRIA3    200317     114  210278  210265  210456     102
CTRIA3  10200317     114102102781021026510210456     122
CTRIA3    200318     114  210456  210265  210275     102
CTRIA3  10200318     114102104561021026510210275     122
CTRIA3    200319     114  210274  210456  210275     102
CTRIA3  10200319     114102102741021045610210275     122
CTRIA3    200320     114  210274  210273  210288     102
CTRIA3  10200320     114102102741021027310210288     122
CTRIA3    200321     114  210277  210456  210288     102
CTRIA3  10200321     114102102771021045610210288     122
CTRIA3    200322     114  210288  210456  210274     102
CTRIA3  10200322     114102102881021045610210274     122
CTRIA3    200323     114  210273  210271  210270     102
CTRIA3  10200323     114102102731021027110210270     122
CTRIA3    200324     114  210274  210271  210273     102
CTRIA3  10200324     114102102741021027110210273     122
CTRIA3    200325     114  210275  210250  210247     102
CTRIA3  10200325     114102102751021025010210247     122
CTRIA3    200326     114  210272  210275  210247     102
CTRIA3  10200326     114102102721021027510210247     122
$CTRIA3    200327     114  210270  210268  210267     102
$CTRIA3  10200327     114102102701021026810210267     122
$CTRIA3    200328     114  210271  210268  210270     102
$CTRIA3  10200328     114102102711021026810210270     122
$CTRIA3    200329     114  210272  210247  210244     102
$CTRIA3  10200329     114102102721021024710210244     122
$CTRIA3    200330     114  210269  210272  210244     102
$CTRIA3  10200330     114102102691021027210210244     122
$CTRIA3    200331     114  210269  210244   10074     102
$CTRIA3  10200331     114102102691021024410010074     122
$CTRIA3    200332     114   10075  210269   10074     102
$CTRIA3  10200332     114100100751021026910010074     122
CTRIA3    200333     114   10026  210263   10025     102
CTRIA3  10200333     114100100261021026310010025     122
CTRIA3    200334     114   10026  210264  210263     102
CTRIA3  10200334     114100100261021026410210263     122
CTRIA3    200335     114  210264  210260  210263     102
CTRIA3  10200335     114102102641021026010210263     122
CTRIA3    200336     114  210264  210261  210260     102
CTRIA3  10200336     114102102641021026110210260     122
CTRIA3    200337     114  210236  210233  210258     102
CTRIA3  10200337     114102102361021023310210258     122
CTRIA3    200338     114  210236  210258  210261     102
CTRIA3  10200338     114102102361021025810210261     122
CTRIA3    200339     114  210261  210257  210260     102
CTRIA3  10200339     114102102611021025710210260     122
CTRIA3    200340     114  210257  210261  210258     102
CTRIA3  10200340     114102102571021026110210258     122
CTRIA3    200341     114  210266  210254  210253     102
CTRIA3  10200341     114102102661021025410210253     122
CTRIA3    200342     114  210266  210256  210257     102
CTRIA3  10200342     114102102661021025610210257     122
CTRIA3    200343     114  210258  210457  210257     102
CTRIA3  10200343     114102102581021045710210257     122
CTRIA3    200344     114  210258  210233  210243     102
CTRIA3  10200344     114102102581021023310210243     122
CTRIA3    200345     114  210243  210230  210255     102
CTRIA3  10200345     114102102431021023010210255     122
CTRIA3    200346     114  210258  210243  210457     102
CTRIA3  10200346     114102102581021024310210457     122
CTRIA3    200347     114  210457  210243  210255     102
CTRIA3  10200347     114102104571021024310210255     122
CTRIA3    200348     114  210254  210457  210255     102
CTRIA3  10200348     114102102541021045710210255     122
CTRIA3    200349     114  210266  210457  210254     102
CTRIA3  10200349     114102102661021045710210254     122
CTRIA3    200350     114  210457  210266  210257     102
CTRIA3  10200350     114102104571021026610210257     122
CTRIA3    200351     114  210254  210265  210253     102
CTRIA3  10200351     114102102541021026510210253     122
CTRIA3    200352     114  210255  210458  210254     102
CTRIA3  10200352     114102102551021045810210254     122
CTRIA3    200353     114  210255  210230  210242     102
CTRIA3  10200353     114102102551021023010210242     122
CTRIA3    200354     114  210242  210227  210252     102
CTRIA3  10200354     114102102421021022710210252     122
CTRIA3    200355     114  210255  210242  210458     102
CTRIA3  10200355     114102102551021024210210458     122
CTRIA3    200356     114  210458  210242  210252     102
CTRIA3  10200356     114102104581021024210210252     122
CTRIA3    200357     114  210251  210458  210252     102
CTRIA3  10200357     114102102511021045810210252     122
CTRIA3    200358     114  210251  210250  210265     102
CTRIA3  10200358     114102102511021025010210265     122
CTRIA3    200359     114  210254  210458  210265     102
CTRIA3  10200359     114102102541021045810210265     122
CTRIA3    200360     114  210265  210458  210251     102
CTRIA3  10200360     114102102651021045810210251     122
CTRIA3    200361     114  210247  210250  210251     102
CTRIA3  10200361     114102102471021025010210251     122
CTRIA3    200362     114  210251  210248  210247     102
CTRIA3  10200362     114102102511021024810210247     122
$CTRIA3    200363     114  210221  210249  210224     102
$CTRIA3  10200363     114102102211021024910210224     122
$CTRIA3    200364     114  210246  210249  210221     102
$CTRIA3  10200364     114102102461021024910210221     122
$CTRIA3    200365     114  210245  210249  210246     102
$CTRIA3  10200365     114102102451021024910210246     122
$CTRIA3    200366     114  210245  210248  210249     102
$CTRIA3  10200366     114102102451021024810210249     122
$CTRIA3    200367     114   10074  210244  210245     102
$CTRIA3  10200367     114100100741021024410210245     122
$CTRIA3    200368     114   10074  210245   10073     102
$CTRIA3  10200368     114100100741021024510010073     122
CTRIA3    200369     114   10030  210216  210241     102
CTRIA3  10200369     114100100301021021610210241     122
CTRIA3    200370     114  210241   10029   10030     102
CTRIA3  10200370     114102102411001002910010030     122
CTRIA3    200371     114  210216  210213  210238     102
CTRIA3  10200371     114102102161021021310210238     122
CTRIA3    200372     114  210238  210241  210216     102
CTRIA3  10200372     114102102381021024110210216     122
CTRIA3    200373     114  210213  210210  210235     102
CTRIA3  10200373     114102102131021021010210235     122
CTRIA3    200374     114  210235  210238  210213     102
CTRIA3  10200374     114102102351021023810210213     122
CTRIA3    200375     114  210243  210231  210230     102
CTRIA3  10200375     114102102431021023110210230     122
CTRIA3    200376     114  210243  210233  210234     102
CTRIA3  10200376     114102102431021023310210234     122
CTRIA3    200377     114  210235  210459  210234     102
CTRIA3  10200377     114102102351021045910210234     122
CTRIA3    200378     114  210235  210210  210220     102
CTRIA3  10200378     114102102351021021010210220     122
CTRIA3    200379     114  210220  210207  210232     102
CTRIA3  10200379     114102102201021020710210232     122
CTRIA3    200380     114  210235  210220  210459     102
CTRIA3  10200380     114102102351021022010210459     122
CTRIA3    200381     114  210459  210220  210232     102
CTRIA3  10200381     114102104591021022010210232     122
CTRIA3    200382     114  210231  210459  210232     102
CTRIA3  10200382     114102102311021045910210232     122
CTRIA3    200383     114  210243  210459  210231     102
CTRIA3  10200383     114102102431021045910210231     122
CTRIA3    200384     114  210459  210243  210234     102
CTRIA3  10200384     114102104591021024310210234     122
CTRIA3    200385     114  210231  210242  210230     102
CTRIA3  10200385     114102102311021024210210230     122
CTRIA3    200386     114  210232  210460  210231     102
CTRIA3  10200386     114102102321021046010210231     122
CTRIA3    200387     114  210232  210207  210219     102
CTRIA3  10200387     114102102321021020710210219     122
CTRIA3    200388     114  210219  210204  210229     102
CTRIA3  10200388     114102102191021020410210229     122
CTRIA3    200389     114  210232  210219  210460     102
CTRIA3  10200389     114102102321021021910210460     122
CTRIA3    200390     114  210460  210219  210229     102
CTRIA3  10200390     114102104601021021910210229     122
CTRIA3    200391     114  210228  210460  210229     102
CTRIA3  10200391     114102102281021046010210229     122
CTRIA3    200392     114  210228  210227  210242     102
CTRIA3  10200392     114102102281021022710210242     122
CTRIA3    200393     114  210231  210460  210242     102
CTRIA3  10200393     114102102311021046010210242     122
CTRIA3    200394     114  210242  210460  210228     102
CTRIA3  10200394     114102102421021046010210228     122
CTRIA3    200395     114  210224  210227  210228     102
CTRIA3  10200395     114102102241021022710210228     122
CTRIA3    200396     114  210228  210225  210224     102
CTRIA3  10200396     114102102281021022510210224     122
$CTRIA3    200397     114  210198  210226  210201     102
$CTRIA3  10200397     114102101981021022610210201     122
$CTRIA3    200398     114  210223  210226  210198     102
$CTRIA3  10200398     114102102231021022610210198     122
$CTRIA3    200399     114  210222  210226  210223     102
$CTRIA3  10200399     114102102221021022610210223     122
$CTRIA3    200400     114  210222  210225  210226     102
$CTRIA3  10200400     114102102221021022510210226     122
$CTRIA3    200401     114   10071  210221  210222     102
$CTRIA3  10200401     114100100711021022110210222     122
$CTRIA3    200402     114   10071  210222   10070     102
$CTRIA3  10200402     114100100711021022210010070     122
CTRIA3    200403     114  210216   10030   10031     102
CTRIA3  10200403     114102102161001003010010031     122
CTRIA3    200404     114  210216   10031  210217     102
CTRIA3  10200404     114102102161001003110210217     122
CTRIA3    200405     114   10033  210193  210218     102
CTRIA3  10200405     114100100331021019310210218     122
CTRIA3    200406     114  210218   10032   10033     102
CTRIA3  10200406     114102102181001003210010033     122
CTRIA3    200407     114  210193  210190  210215     102
CTRIA3  10200407     114102101931021019010210215     122
CTRIA3    200408     114  210215  210218  210193     102
CTRIA3  10200408     114102102151021021810210193     122
CTRIA3    200409     114  210190  210187  210212     102
CTRIA3  10200409     114102101901021018710210212     122
CTRIA3    200410     114  210212  210215  210190     102
CTRIA3  10200410     114102102121021021510210190     122
CTRIA3    200411     114  210220  210208  210207     102
CTRIA3  10200411     114102102201021020810210207     122
CTRIA3    200412     114  210220  210210  210211     102
CTRIA3  10200412     114102102201021021010210211     122
CTRIA3    200413     114  210212  210461  210211     102
CTRIA3  10200413     114102102121021046110210211     122
CTRIA3    200414     114  210212  210187  210197     102
CTRIA3  10200414     114102102121021018710210197     122
CTRIA3    200415     114  210197  210184  210209     102
CTRIA3  10200415     114102101971021018410210209     122
CTRIA3    200416     114  210212  210197  210461     102
CTRIA3  10200416     114102102121021019710210461     122
CTRIA3    200417     114  210461  210197  210209     102
CTRIA3  10200417     114102104611021019710210209     122
CTRIA3    200418     114  210208  210461  210209     102
CTRIA3  10200418     114102102081021046110210209     122
CTRIA3    200419     114  210220  210461  210208     102
CTRIA3  10200419     114102102201021046110210208     122
CTRIA3    200420     114  210461  210220  210211     102
CTRIA3  10200420     114102104611021022010210211     122
CTRIA3    200421     114  210208  210219  210207     102
CTRIA3  10200421     114102102081021021910210207     122
CTRIA3    200422     114  210209  210462  210208     102
CTRIA3  10200422     114102102091021046210210208     122
CTRIA3    200423     114  210209  210184  210196     102
CTRIA3  10200423     114102102091021018410210196     122
CTRIA3    200424     114  210196  210181  210206     102
CTRIA3  10200424     114102101961021018110210206     122
CTRIA3    200425     114  210209  210196  210462     102
CTRIA3  10200425     114102102091021019610210462     122
CTRIA3    200426     114  210462  210196  210206     102
CTRIA3  10200426     114102104621021019610210206     122
CTRIA3    200427     114  210205  210462  210206     102
CTRIA3  10200427     114102102051021046210210206     122
CTRIA3    200428     114  210205  210204  210219     102
CTRIA3  10200428     114102102051021020410210219     122
CTRIA3    200429     114  210208  210462  210219     102
CTRIA3  10200429     114102102081021046210210219     122
CTRIA3    200430     114  210219  210462  210205     102
CTRIA3  10200430     114102102191021046210210205     122
CTRIA3    200431     114  210201  210204  210205     102
CTRIA3  10200431     114102102011021020410210205     122
CTRIA3    200432     114  210205  210202  210201     102
CTRIA3  10200432     114102102051021020210210201     122
$CTRIA3    200433     114  210198  210201  210202     102
$CTRIA3  10200433     114102101981021020110210202     122
$CTRIA3    200434     114  210198  210202  210199     102
$CTRIA3  10200434     114102101981021020210210199     122
$CTRIA3    200435     114   10068  210198  210199     102
$CTRIA3  10200435     114100100681021019810210199     122
$CTRIA3    200436     114   10068  210199   10067     102
$CTRIA3  10200436     114100100681021019910010067     122
CTRIA3    200437     114  210193   10033   10034     102
CTRIA3  10200437     114102101931001003310010034     122
CTRIA3    200438     114  210193   10034  210194     102
CTRIA3  10200438     114102101931001003410210194     122
CTRIA3    200439     114   10036  210170  210195     102
CTRIA3  10200439     114100100361021017010210195     122
CTRIA3    200440     114  210195   10035   10036     102
CTRIA3  10200440     114102101951001003510010036     122
CTRIA3    200441     114  210170  210167  210192     102
CTRIA3  10200441     114102101701021016710210192     122
CTRIA3    200442     114  210192  210195  210170     102
CTRIA3  10200442     114102101921021019510210170     122
CTRIA3    200443     114  210167  210164  210189     102
CTRIA3  10200443     114102101671021016410210189     122
CTRIA3    200444     114  210189  210192  210167     102
CTRIA3  10200444     114102101891021019210210167     122
CTRIA3    200445     114  210197  210185  210184     102
CTRIA3  10200445     114102101971021018510210184     122
CTRIA3    200446     114  210197  210187  210188     102
CTRIA3  10200446     114102101971021018710210188     122
CTRIA3    200447     114  210189  210463  210188     102
CTRIA3  10200447     114102101891021046310210188     122
CTRIA3    200448     114  210189  210164  210174     102
CTRIA3  10200448     114102101891021016410210174     122
CTRIA3    200449     114  210174  210161  210186     102
CTRIA3  10200449     114102101741021016110210186     122
CTRIA3    200450     114  210189  210174  210463     102
CTRIA3  10200450     114102101891021017410210463     122
CTRIA3    200451     114  210463  210174  210186     102
CTRIA3  10200451     114102104631021017410210186     122
CTRIA3    200452     114  210185  210463  210186     102
CTRIA3  10200452     114102101851021046310210186     122
CTRIA3    200453     114  210197  210463  210185     102
CTRIA3  10200453     114102101971021046310210185     122
CTRIA3    200454     114  210463  210197  210188     102
CTRIA3  10200454     114102104631021019710210188     122
CTRIA3    200455     114  210183  210173  210158     102
CTRIA3  10200455     114102101831021017310210158     122
CTRIA3    200456     114  210182  210464  210183     102
CTRIA3  10200456     114102101821021046410210183     122
CTRIA3    200457     114  210182  210181  210196     102
CTRIA3  10200457     114102101821021018110210196     122
CTRIA3    200458     114  210196  210184  210185     102
CTRIA3  10200458     114102101961021018410210185     122
CTRIA3    200459     114  210182  210196  210464     102
CTRIA3  10200459     114102101821021019610210464     122
CTRIA3    200460     114  210464  210196  210185     102
CTRIA3  10200460     114102104641021019610210185     122
CTRIA3    200461     114  210186  210464  210185     102
CTRIA3  10200461     114102101861021046410210185     122
CTRIA3    200462     114  210186  210161  210173     102
CTRIA3  10200462     114102101861021016110210173     122
CTRIA3    200463     114  210183  210464  210173     102
CTRIA3  10200463     114102101831021046410210173     122
CTRIA3    200464     114  210173  210464  210186     102
CTRIA3  10200464     114102101731021046410210186     122
CTRIA3    200465     114  210178  210181  210182     102
CTRIA3  10200465     114102101781021018110210182     122
CTRIA3    200466     114  210182  210179  210178     102
CTRIA3  10200466     114102101821021017910210178     122
$CTRIA3    200467     114  210175  210178  210179     102
$CTRIA3  10200467     114102101751021017810210179     122
$CTRIA3    200468     114  210175  210179  210176     102
$CTRIA3  10200468     114102101751021017910210176     122
$CTRIA3    200469     114   10065  210175  210176     102
$CTRIA3  10200469     114100100651021017510210176     122
$CTRIA3    200470     114   10065  210176   10064     102
$CTRIA3  10200470     114100100651021017610010064     122
$CTRIA3    200471     114  210152   10062   10063     102
$CTRIA3  10200471     114102101521001006210010063     122
$CTRIA3    200472     114   10063  210177  210152     102
$CTRIA3  10200472     114100100631021017710210152     122
CTRIA3    200473     114  210170   10036   10037     102
CTRIA3  10200473     114102101701001003610010037     122
CTRIA3    200474     114  210170   10037  210171     102
CTRIA3  10200474     114102101701001003710210171     122
CTRIA3    200475     114   10039  210147  210172     102
CTRIA3  10200475     114100100391021014710210172     122
CTRIA3    200476     114  210172   10038   10039     102
CTRIA3  10200476     114102101721001003810010039     122
CTRIA3    200477     114  210147  210142  210169     102
CTRIA3  10200477     114102101471021014210210169     122
CTRIA3    200478     114  210169  210172  210147     102
CTRIA3  10200478     114102101691021017210210147     122
CTRIA3    200479     114  210142  210137  210166     102
CTRIA3  10200479     114102101421021013710210166     122
CTRIA3    200480     114  210166  210169  210142     102
CTRIA3  10200480     114102101661021016910210142     122
CTRIA3    200481     114  210174  210162  210161     102
CTRIA3  10200481     114102101741021016210210161     122
CTRIA3    200482     114  210174  210164  210165     102
CTRIA3  10200482     114102101741021016410210165     122
CTRIA3    200483     114  210166  210465  210165     102
CTRIA3  10200483     114102101661021046510210165     122
CTRIA3    200484     114  210166  210137  210151     102
CTRIA3  10200484     114102101661021013710210151     122
CTRIA3    200485     114  210151  210132  210163     102
CTRIA3  10200485     114102101511021013210210163     122
CTRIA3    200486     114  210166  210151  210465     102
CTRIA3  10200486     114102101661021015110210465     122
CTRIA3    200487     114  210465  210151  210163     102
CTRIA3  10200487     114102104651021015110210163     122
CTRIA3    200488     114  210162  210465  210163     102
CTRIA3  10200488     114102101621021046510210163     122
CTRIA3    200489     114  210174  210465  210162     102
CTRIA3  10200489     114102101741021046510210162     122
CTRIA3    200490     114  210465  210174  210165     102
CTRIA3  10200490     114102104651021017410210165     122
CTRIA3    200491     114  210162  210173  210161     102
CTRIA3  10200491     114102101621021017310210161     122
CTRIA3    200492     114  210163  210466  210162     102
CTRIA3  10200492     114102101631021046610210162     122
CTRIA3    200493     114  210163  210132  210150     102
CTRIA3  10200493     114102101631021013210210150     122
CTRIA3    200494     114  210150  210128  210160     102
CTRIA3  10200494     114102101501021012810210160     122
CTRIA3    200495     114  210163  210150  210466     102
CTRIA3  10200495     114102101631021015010210466     122
CTRIA3    200496     114  210466  210150  210160     102
CTRIA3  10200496     114102104661021015010210160     122
CTRIA3    200497     114  210159  210466  210160     102
CTRIA3  10200497     114102101591021046610210160     122
CTRIA3    200498     114  210159  210158  210173     102
CTRIA3  10200498     114102101591021015810210173     122
CTRIA3    200499     114  210162  210466  210173     102
CTRIA3  10200499     114102101621021046610210173     122
CTRIA3    200500     114  210173  210466  210159     102
CTRIA3  10200500     114102101731021046610210159     122
CTRIA3    200501     114  210155  210158  210159     102
CTRIA3  10200501     114102101551021015810210159     122
CTRIA3    200502     114  210155  210159  210156     102
CTRIA3  10200502     114102101551021015910210156     122
$CTRIA3    200503     114  210152  210155  210156     102
$CTRIA3  10200503     114102101521021015510210156     122
$CTRIA3    200504     114  210152  210156  210153     102
$CTRIA3  10200504     114102101521021015610210153     122
$CTRIA3    200505     114  210125  210122  210154     102
$CTRIA3  10200505     114102101251021012210210154     122
$CTRIA3    200506     114  210154  210157  210125     102
$CTRIA3  10200506     114102101541021015710210125     122
$CTRIA3    200507     114   10062  210152  210153     102
$CTRIA3  10200507     114100100621021015210210153     122
$CTRIA3    200508     114   10062  210153   10061     102
$CTRIA3  10200508     114100100621021015310010061     122
$CTRIA3    200509     114  210122   10059   10060     102
$CTRIA3  10200509     114102101221001005910010060     122
$CTRIA3    200510     114   10060  210154  210122     102
$CTRIA3  10200510     114100100601021015410210122     122
CTRIA3    200511     114  210147   10039   10040     102
CTRIA3  10200511     114102101471001003910010040     122
CTRIA3    200512     114  210147   10040  210148     102
CTRIA3  10200512     114102101471001004010210148     122
CTRIA3    200513     114   10042  210121  210149     102
CTRIA3  10200513     114100100421021012110210149     122
CTRIA3    200514     114  210149   10041   10042     102
CTRIA3  10200514     114102101491001004110010042     122
CTRIA3    200515     114  210142  210147  210148     102
CTRIA3  10200515     114102101421021014710210148     122
CTRIA3    200516     114  210142  210148  210143     102
CTRIA3  10200516     114102101421021014810210143     122
CTRIA3    200517     114  210121  210120  210144     102
CTRIA3  10200517     114102101211021012010210144     122
CTRIA3    200518     114  210144  210149  210121     102
CTRIA3  10200518     114102101441021014910210121     122
CTRIA3    200519     114  210120  210112  210139     102
CTRIA3  10200519     114102101201021011210210139     122
CTRIA3    200520     114  210139  210144  210120     102
CTRIA3  10200520     114102101391021014410210120     122
CTRIA3    200521     114  210151  210133  210132     102
CTRIA3  10200521     114102101511021013310210132     122
CTRIA3    200522     114  210151  210137  210138     102
CTRIA3  10200522     114102101511021013710210138     122
CTRIA3    200523     114  210139  210467  210138     102
CTRIA3  10200523     114102101391021046710210138     122
CTRIA3    200524     114  210139  210112  210119     102
CTRIA3  10200524     114102101391021011210210119     122
CTRIA3    200525     114  210119  210117  210134     102
CTRIA3  10200525     114102101191021011710210134     122
CTRIA3    200526     114  210139  210119  210467     102
CTRIA3  10200526     114102101391021011910210467     122
CTRIA3    200527     114  210467  210119  210134     102
CTRIA3  10200527     114102104671021011910210134     122
CTRIA3    200528     114  210133  210467  210134     102
CTRIA3  10200528     114102101331021046710210134     122
CTRIA3    200529     114  210151  210467  210133     102
CTRIA3  10200529     114102101511021046710210133     122
CTRIA3    200530     114  210467  210151  210138     102
CTRIA3  10200530     114102104671021015110210138     122
CTRIA3    200531     114  210133  210150  210132     102
CTRIA3  10200531     114102101331021015010210132     122
CTRIA3    200532     114  210134  210468  210133     102
CTRIA3  10200532     114102101341021046810210133     122
CTRIA3    200533     114  210134  210117  210118     102
CTRIA3  10200533     114102101341021011710210118     122
CTRIA3    200534     114  210118  210109  210130     102
CTRIA3  10200534     114102101181021010910210130     122
CTRIA3    200535     114  210134  210118  210468     102
CTRIA3  10200535     114102101341021011810210468     122
CTRIA3    200536     114  210468  210118  210130     102
CTRIA3  10200536     114102104681021011810210130     122
CTRIA3    200537     114  210129  210468  210130     102
CTRIA3  10200537     114102101291021046810210130     122
CTRIA3    200538     114  210129  210128  210150     102
CTRIA3  10200538     114102101291021012810210150     122
CTRIA3    200539     114  210133  210468  210150     102
CTRIA3  10200539     114102101331021046810210150     122
CTRIA3    200540     114  210150  210468  210129     102
CTRIA3  10200540     114102101501021046810210129     122
CTRIA3    200541     114  210125  210128  210129     102
CTRIA3  10200541     114102101251021012810210129     122
CTRIA3    200542     114  210125  210129  210126     102
CTRIA3  10200542     114102101251021012910210126     122
CTRIA3    200543     114  210109  210116  210127     102
CTRIA3  10200543     114102101091021011610210127     122
CTRIA3    200544     114  210127  210130  210109     102
CTRIA3  10200544     114102101271021013010210109     122
$CTRIA3    200545     114  210122  210125  210126     102
$CTRIA3  10200545     114102101221021012510210126     122
$CTRIA3    200546     114  210122  210126  210123     102
$CTRIA3  10200546     114102101221021012610210123     122
$CTRIA3    200547     114  210116  210115  210124     102
$CTRIA3  10200547     114102101161021011510210124     122
$CTRIA3    200548     114  210124  210127  210116     102
$CTRIA3  10200548     114102101241021012710210116     122
$CTRIA3    200549     114   10059  210122  210123     102
$CTRIA3  10200549     114100100591021012210210123     122
$CTRIA3    200550     114   10059  210123   10058     102
$CTRIA3  10200550     114100100591021012310010058     122
$CTRIA3    200551     114  210115   10056   10057     102
$CTRIA3  10200551     114102101151001005610010057     122
$CTRIA3    200552     114   10057  210124  210115     102
$CTRIA3  10200552     114100100571021012410210115     122
CTRIA3    200553     114  210135  210113  210112     102
CTRIA3  10200553     114102101351021011310210112     122
CTRIA3    200554     114  210136  210469  210135     102
CTRIA3  10200554     114102101361021046910210135     122
CTRIA3    200555     114  210136  210048  210049     102
CTRIA3  10200555     114102101361021004810210049     122
CTRIA3    200556     114  210049  210050  210114     102
CTRIA3  10200556     114102100491021005010210114     122
CTRIA3    200557     114  210136  210049  210469     102
CTRIA3  10200557     114102101361021004910210469     122
CTRIA3    200558     114  210469  210049  210114     102
CTRIA3  10200558     114102104691021004910210114     122
CTRIA3    200559     114  210113  210469  210114     102
CTRIA3  10200559     114102101131021046910210114     122
CTRIA3    200560     114  210469  210113  210135     102
CTRIA3  10200560     114102104691021011310210135     122
CTRIA3    200561     114  210048  210141  210047     102
CTRIA3  10200561     114102100481021014110210047     122
CTRIA3    200562     114  210136  210141  210048     102
CTRIA3  10200562     114102101361021014110210048     122
CTRIA3    200563     114  210135  210112  210120     102
CTRIA3  10200563     114102101351021011210210120     122
CTRIA3    200564     114  210140  210135  210120     102
CTRIA3  10200564     114102101401021013510210120     122
CTRIA3    200565     114  210141  210136  210140     102
CTRIA3  10200565     114102101411021013610210140     122
CTRIA3    200566     114  210140  210136  210135     102
CTRIA3  10200566     114102101401021013610210135     122
CTRIA3    200567     114  210047  210146  210046     102
CTRIA3  10200567     114102100471021014610210046     122
CTRIA3    200568     114  210141  210146  210047     102
CTRIA3  10200568     114102101411021014610210047     122
CTRIA3    200569     114  210140  210470  210141     102
CTRIA3  10200569     114102101401021047010210141     122
CTRIA3    200570     114  210140  210120  210121     102
CTRIA3  10200570     114102101401021012010210121     122
CTRIA3    200571     114  210145  210140  210121     102
CTRIA3  10200571     114102101451021014010210121     122
CTRIA3    200572     114  210146  210141  210470     102
CTRIA3  10200572     114102101461021014110210470     122
CTRIA3    200573     114  210140  210145  210470     102
CTRIA3  10200573     114102101401021014510210470     122
CTRIA3    200574     114  210470  210145  210146     102
CTRIA3  10200574     114102104701021014510210146     122
CTRIA3    200575     114  210046   10044   10002     102
CTRIA3  10200575     114102100461001004410010002     122
CTRIA3    200576     114  210146   10044  210046     102
CTRIA3  10200576     114102101461001004410210046     122
CTRIA3    200577     114  210145  210121   10042     102
CTRIA3  10200577     114102101451021012110010042     122
CTRIA3    200578     114   10043  210145   10042     102
CTRIA3  10200578     114100100431021014510010042     122
CTRIA3    200579     114   10044  210146   10043     102
CTRIA3  10200579     114100100441021014610010043     122
CTRIA3    200580     114   10043  210146  210145     102
CTRIA3  10200580     114100100431021014610210145     122
CTRIA3    200581     114  210118  210110  210109     102
CTRIA3  10200581     114102101181021011010210109     122
CTRIA3    200582     114  210118  210117  210131     102
CTRIA3  10200582     114102101181021011710210131     122
CTRIA3    200583     114  210131  210050  210111     102
CTRIA3  10200583     114102101311021005010210111     122
CTRIA3    200584     114  210110  210118  210111     102
CTRIA3  10200584     114102101101021011810210111     122
CTRIA3    200585     114  210111  210118  210131     102
CTRIA3  10200585     114102101111021011810210131     122
CTRIA3    200586     114  210113  210119  210112     102
CTRIA3  10200586     114102101131021011910210112     122
CTRIA3    200587     114  210114  210050  210131     102
CTRIA3  10200587     114102101141021005010210131     122
CTRIA3    200588     114   10056  210115   10045     102
CTRIA3  10200588     114100100561021011510010045     122
CTRIA3    200589     114   10045  210115  210054     102
CTRIA3  10200589     114100100451021011510210054     122
CTRIA3    200590     114  210054  210116  210053     102
CTRIA3  10200590     114102100541021011610210053     122
CTRIA3    200591     114  210116  210054  210115     102
CTRIA3  10200591     114102101161021005410210115     122
CTRIA3    200592     114  210053  210109  210052     102
CTRIA3  10200592     114102100531021010910210052     122
CTRIA3    200593     114  210109  210053  210116     102
CTRIA3  10200593     114102101091021005310210116     122
CTRIA3    200594     114  210051  210111  210050     102
CTRIA3  10200594     114102100511021011110210050     122
CTRIA3    200595     114  210111  210051  210110     102
CTRIA3  10200595     114102101111021005110210110     122
CTRIA3    200596     114  210110  210052  210109     102
CTRIA3  10200596     114102101101021005210210109     122
CTRIA3    200597     114  210052  210110  210051     102
CTRIA3  10200597     114102100521021011010210051     122
CTRIA3    200598     114  210408  210431  210411     102
CTRIA3  10200598     114102104081021043110210411     122
CTRIA3    200599     114  210433  210411  210431     102
CTRIA3  10200599     114102104331021041110210431     122
$CTRIA3    200600     114  210405  210429  210408     102
$CTRIA3  10200600     114102104051021042910210408     122
$CTRIA3    200601     114  210431  210408  210429     102
$CTRIA3  10200601     114102104311021040810210429     122
$CTRIA3    200602     114  210428  210429   10097     102
$CTRIA3  10200602     114102104281021042910010097     122
$CTRIA3    200603     114   10096   10097  210429     102
$CTRIA3  10200603     114100100961001009710210429     122
CTRIA3    200604     114  210434  210438  210414     102
CTRIA3  10200604     114102104341021043810210414     122
CTRIA3    200605     114  210427  210414  210438     102
CTRIA3  10200605     114102104271021041410210438     122
$CTRIA3    200606     114  210400  210425   10006     102
$CTRIA3  10200606     114102104001021042510010006     122
$CTRIA3    200607     114   10005   10006  210425     102
$CTRIA3  10200607     114100100051001000610210425     122
$CTRIA3    200608     114  210397  210422  210400     102
$CTRIA3  10200608     114102103971021042210210400     122
$CTRIA3    200609     114  210425  210400  210422     102
$CTRIA3  10200609     114102104251021040010210422     122
CTRIA3    200610     114  210426  210441  210411     102
CTRIA3  10200610     114102104261021044110210411     122
CTRIA3    200611     114  210412  210411  210441     102
CTRIA3  10200611     114102104121021041110210441     122
CTRIA3    200612     114  210385  210410  210388     102
CTRIA3  10200612     114102103851021041010210388     122
CTRIA3    200613     114  210413  210388  210410     102
CTRIA3  10200613     114102104131021038810210410     122
$CTRIA3    200614     114  210409  210406  210408     102
$CTRIA3  10200614     114102104091021040610210408     122
$CTRIA3    200615     114  210405  210408  210406     102
$CTRIA3  10200615     114102104051021040810210406     122
$CTRIA3    200616     114  210407  210406  210410     102
$CTRIA3  10200616     114102104071021040610210410     122
$CTRIA3    200617     114  210409  210410  210406     102
$CTRIA3  10200617     114102104091021041010210406     122
$CTRIA3    200618     114   10093   10094  210407     102
$CTRIA3  10200618     114100100931001009410210407     122
$CTRIA3    200619     114  210406  210407   10094     102
$CTRIA3  10200619     114102104061021040710010094     122
$CTRIA3    200620     114   10006   10007  210400     102
$CTRIA3  10200620     114100100061001000710210400     122
$CTRIA3    200621     114  210401  210400   10007     102
$CTRIA3  10200621     114102104011021040010010007     122
$CTRIA3    200622     114  210377  210402   10009     102
$CTRIA3  10200622     114102103771021040210010009     122
$CTRIA3    200623     114   10008   10009  210402     102
$CTRIA3  10200623     114100100081001000910210402     122
$CTRIA3    200624     114  210374  210399  210377     102
$CTRIA3  10200624     114102103741021039910210377     122
$CTRIA3    200625     114  210402  210377  210399     102
$CTRIA3  10200625     114102104021021037710210399     122
CTRIA3    200626     114  210403  210444  210388     102
CTRIA3  10200626     114102104031021044410210388     122
CTRIA3    200627     114  210389  210388  210444     102
CTRIA3  10200627     114102103891021038810210444     122
CTRIA3    200628     114  210362  210387  210365     102
CTRIA3  10200628     114102103621021038710210365     122
CTRIA3    200629     114  210390  210365  210387     102
CTRIA3  10200629     114102103901021036510210387     122
$CTRIA3    200630     114  210386  210383  210385     102
$CTRIA3  10200630     114102103861021038310210385     122
$CTRIA3    200631     114  210382  210385  210383     102
$CTRIA3  10200631     114102103821021038510210383     122
$CTRIA3    200632     114  210384  210383  210387     102
$CTRIA3  10200632     114102103841021038310210387     122
$CTRIA3    200633     114  210386  210387  210383     102
$CTRIA3  10200633     114102103861021038710210383     122
$CTRIA3    200634     114   10090   10091  210384     102
$CTRIA3  10200634     114100100901001009110210384     122
$CTRIA3    200635     114  210383  210384   10091     102
$CTRIA3  10200635     114102103831021038410010091     122
$CTRIA3    200636     114   10009   10010  210377     102
$CTRIA3  10200636     114100100091001001010210377     122
$CTRIA3    200637     114  210378  210377   10010     102
$CTRIA3  10200637     114102103781021037710010010     122
$CTRIA3    200638     114  210354  210379   10012     102
$CTRIA3  10200638     114102103541021037910010012     122
$CTRIA3    200639     114   10011   10012  210379     102
$CTRIA3  10200639     114100100111001001210210379     122
$CTRIA3    200640     114  210351  210376  210354     102
$CTRIA3  10200640     114102103511021037610210354     122
$CTRIA3    200641     114  210379  210354  210376     102
$CTRIA3  10200641     114102103791021035410210376     122
CTRIA3    200642     114  210374  210375  210371     102
CTRIA3  10200642     114102103741021037510210371     122
CTRIA3    200643     114  210372  210371  210375     102
CTRIA3  10200643     114102103721021037110210375     122
CTRIA3    200644     114  210380  210447  210365     102
CTRIA3  10200644     114102103801021044710210365     122
CTRIA3    200645     114  210366  210365  210447     102
CTRIA3  10200645     114102103661021036510210447     122
CTRIA3    200646     114  210339  210364  210342     102
CTRIA3  10200646     114102103391021036410210342     122
CTRIA3    200647     114  210367  210342  210364     102
CTRIA3  10200647     114102103671021034210210364     122
$CTRIA3    200648     114  210363  210360  210362     102
$CTRIA3  10200648     114102103631021036010210362     122
$CTRIA3    200649     114  210359  210362  210360     102
$CTRIA3  10200649     114102103591021036210210360     122
$CTRIA3    200650     114  210361  210360  210364     102
$CTRIA3  10200650     114102103611021036010210364     122
$CTRIA3    200651     114  210363  210364  210360     102
$CTRIA3  10200651     114102103631021036410210360     122
$CTRIA3    200652     114   10087   10088  210361     102
$CTRIA3  10200652     114100100871001008810210361     122
$CTRIA3    200653     114  210360  210361   10088     102
$CTRIA3  10200653     114102103601021036110010088     122
$CTRIA3    200654     114   10012   10013  210354     102
$CTRIA3  10200654     114100100121001001310210354     122
$CTRIA3    200655     114  210355  210354   10013     102
$CTRIA3  10200655     114102103551021035410010013     122
$CTRIA3    200656     114  210331  210356   10015     102
$CTRIA3  10200656     114102103311021035610010015     122
$CTRIA3    200657     114   10014   10015  210356     102
$CTRIA3  10200657     114100100141001001510210356     122
CTRIA3    200658     114  210351  210352  210348     102
CTRIA3  10200658     114102103511021035210210348     122
CTRIA3    200659     114  210349  210348  210352     102
CTRIA3  10200659     114102103491021034810210352     122
CTRIA3    200660     114  210357  210450  210342     102
CTRIA3  10200660     114102103571021045010210342     122
CTRIA3    200661     114  210343  210342  210450     102
CTRIA3  10200661     114102103431021034210210450     122
CTRIA3    200662     114  210316  210341  210319     102
CTRIA3  10200662     114102103161021034110210319     122
CTRIA3    200663     114  210344  210319  210341     102
CTRIA3  10200663     114102103441021031910210341     122
$CTRIA3    200664     114  210340  210341  210337     102
$CTRIA3  10200664     114102103401021034110210337     122
$CTRIA3    200665     114  210338  210337  210341     102
$CTRIA3  10200665     114102103381021033710210341     122
$CTRIA3    200666     114   10084   10085  210338     102
$CTRIA3  10200666     114100100841001008510210338     122
$CTRIA3    200667     114  210337  210338   10085     102
$CTRIA3  10200667     114102103371021033810010085     122
CTRIA3    200668     114   10015   10016  210331     102
CTRIA3  10200668     114100100151001001610210331     122
CTRIA3    200669     114  210332  210331   10016     102
CTRIA3  10200669     114102103321021033110010016     122
CTRIA3    200670     114  210308  210333   10018     102
CTRIA3  10200670     114102103081021033310010018     122
CTRIA3    200671     114   10017   10018  210333     102
CTRIA3  10200671     114100100171001001810210333     122
CTRIA3    200672     114  210305  210330  210308     102
CTRIA3  10200672     114102103051021033010210308     122
CTRIA3    200673     114  210333  210308  210330     102
CTRIA3  10200673     114102103331021030810210330     122
CTRIA3    200674     114  210328  210329  210325     102
CTRIA3  10200674     114102103281021032910210325     122
CTRIA3    200675     114  210326  210325  210329     102
CTRIA3  10200675     114102103261021032510210329     122
CTRIA3    200676     114  210293  210318  210296     102
CTRIA3  10200676     114102102931021031810210296     122
CTRIA3    200677     114  210321  210296  210318     102
CTRIA3  10200677     114102103211021029610210318     122
$CTRIA3    200678     114  210290  210315  210293     102
$CTRIA3  10200678     114102102901021031510210293     122
$CTRIA3    200679     114  210318  210293  210315     102
$CTRIA3  10200679     114102103181021029310210315     122
$CTRIA3    200680     114  210313  210314   10083     102
$CTRIA3  10200680     114102103131021031410010083     122
$CTRIA3    200681     114   10082   10083  210314     102
$CTRIA3  10200681     114100100821001008310210314     122
$CTRIA3    200682     114   10080   10081  210290     102
$CTRIA3  10200682     114100100801001008110210290     122
$CTRIA3    200683     114  210315  210290   10081     102
$CTRIA3  10200683     114102103151021029010010081     122
CTRIA3    200684     114   10018   10019  210308     102
CTRIA3  10200684     114100100181001001910210308     122
CTRIA3    200685     114  210309  210308   10019     102
CTRIA3  10200685     114102103091021030810010019     122
CTRIA3    200686     114  210285  210310   10021     102
CTRIA3  10200686     114102102851021031010010021     122
CTRIA3    200687     114   10020   10021  210310     102
CTRIA3  10200687     114100100201001002110210310     122
CTRIA3    200688     114  210305  210306  210302     102
CTRIA3  10200688     114102103051021030610210302     122
CTRIA3    200689     114  210303  210302  210306     102
CTRIA3  10200689     114102103031021030210210306     122
CTRIA3    200690     114  210270  210295  210273     102
CTRIA3  10200690     114102102701021029510210273     122
CTRIA3    200691     114  210298  210273  210295     102
CTRIA3  10200691     114102102981021027310210295     122
$CTRIA3    200692     114  210267  210292  210270     102
$CTRIA3  10200692     114102102671021029210210270     122
$CTRIA3    200693     114  210295  210270  210292     102
$CTRIA3  10200693     114102102951021027010210292     122
$CTRIA3    200694     114  210290  210291   10080     102
$CTRIA3  10200694     114102102901021029110010080     122
$CTRIA3    200695     114   10079   10080  210291     102
$CTRIA3  10200695     114100100791001008010210291     122
$CTRIA3    200696     114   10077   10078  210267     102
$CTRIA3  10200696     114100100771001007810210267     122
$CTRIA3    200697     114  210292  210267   10078     102
$CTRIA3  10200697     114102102921021026710010078     122
CTRIA3    200698     114   10021   10022  210285     102
CTRIA3  10200698     114100100211001002210210285     122
CTRIA3    200699     114  210286  210285   10022     102
CTRIA3  10200699     114102102861021028510010022     122
CTRIA3    200700     114  210262  210287   10024     102
CTRIA3  10200700     114102102621021028710010024     122
CTRIA3    200701     114   10023   10024  210287     102
CTRIA3  10200701     114100100231001002410210287     122
CTRIA3    200702     114  210282  210283  210279     102
CTRIA3  10200702     114102102821021028310210279     122
CTRIA3    200703     114  210280  210279  210283     102
CTRIA3  10200703     114102102801021027910210283     122
CTRIA3    200704     114  210275  210272  210274     102
CTRIA3  10200704     114102102751021027210210274     122
CTRIA3    200705     114  210271  210274  210272     102
CTRIA3  10200705     114102102711021027410210272     122
$CTRIA3    200706     114  210272  210269  210271     102
$CTRIA3  10200706     114102102721021026910210271     122
$CTRIA3    200707     114  210268  210271  210269     102
$CTRIA3  10200707     114102102681021027110210269     122
$CTRIA3    200708     114  210267  210268   10077     102
$CTRIA3  10200708     114102102671021026810010077     122
$CTRIA3    200709     114   10076   10077  210268     102
$CTRIA3  10200709     114100100761001007710210268     122
$CTRIA3    200710     114  210269   10075  210268     102
$CTRIA3  10200710     114102102691001007510210268     122
$CTRIA3    200711     114   10076  210268   10075     102
$CTRIA3  10200711     114100100761021026810010075     122
CTRIA3    200712     114   10024   10025  210262     102
CTRIA3  10200712     114100100241001002510210262     122
CTRIA3    200713     114  210263  210262   10025     102
CTRIA3  10200713     114102102631021026210010025     122
CTRIA3    200714     114  210239  210264   10027     102
CTRIA3  10200714     114102102391021026410010027     122
CTRIA3    200715     114   10026   10027  210264     102
CTRIA3  10200715     114100100261001002710210264     122
CTRIA3    200716     114  210262  210263  210259     102
CTRIA3  10200716     114102102621021026310210259     122
CTRIA3    200717     114  210260  210259  210263     102
CTRIA3  10200717     114102102601021025910210263     122
CTRIA3    200718     114  210236  210261  210239     102
CTRIA3  10200718     114102102361021026110210239     122
CTRIA3    200719     114  210264  210239  210261     102
CTRIA3  10200719     114102102641021023910210261     122
CTRIA3    200720     114  210259  210260  210256     102
CTRIA3  10200720     114102102591021026010210256     122
CTRIA3    200721     114  210257  210256  210260     102
CTRIA3  10200721     114102102571021025610210260     122
CTRIA3    200722     114  210249  210252  210224     102
CTRIA3  10200722     114102102491021025210210224     122
CTRIA3    200723     114  210227  210224  210252     102
CTRIA3  10200723     114102102271021022410210252     122
CTRIA3    200724     114  210249  210248  210252     102
CTRIA3  10200724     114102102491021024810210252     122
CTRIA3    200725     114  210251  210252  210248     102
CTRIA3  10200725     114102102511021025210210248     122
$CTRIA3    200726     114  210247  210248  210244     102
$CTRIA3  10200726     114102102471021024810210244     122
$CTRIA3    200727     114  210245  210244  210248     102
$CTRIA3  10200727     114102102451021024410210248     122
$CTRIA3    200728     114   10072  210246   10071     102
$CTRIA3  10200728     114100100721021024610010071     122
$CTRIA3    200729     114  210221   10071  210246     102
$CTRIA3  10200729     114102102211001007110210246     122
$CTRIA3    200730     114  210245  210246   10073     102
$CTRIA3  10200730     114102102451021024610010073     122
$CTRIA3    200731     114   10072   10073  210246     102
$CTRIA3  10200731     114100100721001007310210246     122
CTRIA3    200732     114   10028  210240   10027     102
CTRIA3  10200732     114100100281021024010010027     122
CTRIA3    200733     114  210239   10027  210240     102
CTRIA3  10200733     114102102391001002710210240     122
CTRIA3    200734     114   10028   10029  210240     102
CTRIA3  10200734     114100100281001002910210240     122
CTRIA3    200735     114  210241  210240   10029     102
CTRIA3  10200735     114102102411021024010010029     122
CTRIA3    200736     114  210240  210237  210239     102
CTRIA3  10200736     114102102401021023710210239     122
CTRIA3    200737     114  210236  210239  210237     102
CTRIA3  10200737     114102102361021023910210237     122
CTRIA3    200738     114  210240  210241  210237     102
CTRIA3  10200738     114102102401021024110210237     122
CTRIA3    200739     114  210238  210237  210241     102
CTRIA3  10200739     114102102381021023710210241     122
CTRIA3    200740     114  210237  210234  210236     102
CTRIA3  10200740     114102102371021023410210236     122
CTRIA3    200741     114  210233  210236  210234     102
CTRIA3  10200741     114102102331021023610210234     122
CTRIA3    200742     114  210237  210238  210234     102
CTRIA3  10200742     114102102371021023810210234     122
CTRIA3    200743     114  210235  210234  210238     102
CTRIA3  10200743     114102102351021023410210238     122
CTRIA3    200744     114  210226  210229  210201     102
CTRIA3  10200744     114102102261021022910210201     122
CTRIA3    200745     114  210204  210201  210229     102
CTRIA3  10200745     114102102041021020110210229     122
CTRIA3    200746     114  210226  210225  210229     102
CTRIA3  10200746     114102102261021022510210229     122
CTRIA3    200747     114  210228  210229  210225     102
CTRIA3  10200747     114102102281021022910210225     122
$CTRIA3    200748     114  210224  210225  210221     102
$CTRIA3  10200748     114102102241021022510210221     122
$CTRIA3    200749     114  210222  210221  210225     102
$CTRIA3  10200749     114102102221021022110210225     122
$CTRIA3    200750     114   10069  210223   10068     102
$CTRIA3  10200750     114100100691021022310010068     122
$CTRIA3    200751     114  210198   10068  210223     102
$CTRIA3  10200751     114102101981001006810210223     122
$CTRIA3    200752     114  210222  210223   10070     102
$CTRIA3  10200752     114102102221021022310010070     122
$CTRIA3    200753     114   10069   10070  210223     102
$CTRIA3  10200753     114100100691001007010210223     122
CTRIA3    200754     114   10031   10032  210217     102
CTRIA3  10200754     114100100311001003210210217     122
CTRIA3    200755     114  210218  210217   10032     102
CTRIA3  10200755     114102102181021021710010032     122
CTRIA3    200756     114  210217  210214  210216     102
CTRIA3  10200756     114102102171021021410210216     122
CTRIA3    200757     114  210213  210216  210214     102
CTRIA3  10200757     114102102131021021610210214     122
CTRIA3    200758     114  210217  210218  210214     102
CTRIA3  10200758     114102102171021021810210214     122
CTRIA3    200759     114  210215  210214  210218     102
CTRIA3  10200759     114102102151021021410210218     122
CTRIA3    200760     114  210214  210211  210213     102
CTRIA3  10200760     114102102141021021110210213     122
CTRIA3    200761     114  210210  210213  210211     102
CTRIA3  10200761     114102102101021021310210211     122
CTRIA3    200762     114  210214  210215  210211     102
CTRIA3  10200762     114102102141021021510210211     122
CTRIA3    200763     114  210212  210211  210215     102
CTRIA3  10200763     114102102121021021110210215     122
CTRIA3    200764     114  210203  210206  210178     102
CTRIA3  10200764     114102102031021020610210178     122
CTRIA3    200765     114  210181  210178  210206     102
CTRIA3  10200765     114102101811021017810210206     122
CTRIA3    200766     114  210203  210202  210206     102
CTRIA3  10200766     114102102031021020210210206     122
CTRIA3    200767     114  210205  210206  210202     102
CTRIA3  10200767     114102102051021020610210202     122
$CTRIA3    200768     114  210200  210203  210175     102
$CTRIA3  10200768     114102102001021020310210175     122
$CTRIA3    200769     114  210178  210175  210203     102
$CTRIA3  10200769     114102101781021017510210203     122
$CTRIA3    200770     114  210202  210203  210199     102
$CTRIA3  10200770     114102102021021020310210199     122
$CTRIA3    200771     114  210200  210199  210203     102
$CTRIA3  10200771     114102102001021019910210203     122
$CTRIA3    200772     114   10066  210200   10065     102
$CTRIA3  10200772     114100100661021020010010065     122
$CTRIA3    200773     114  210175   10065  210200     102
$CTRIA3  10200773     114102101751001006510210200     122
$CTRIA3    200774     114  210199  210200   10067     102
$CTRIA3  10200774     114102101991021020010010067     122
$CTRIA3    200775     114   10066   10067  210200     102
$CTRIA3  10200775     114100100661001006710210200     122
CTRIA3    200776     114   10034   10035  210194     102
CTRIA3  10200776     114100100341001003510210194     122
CTRIA3    200777     114  210195  210194   10035     102
CTRIA3  10200777     114102101951021019410010035     122
CTRIA3    200778     114  210194  210191  210193     102
CTRIA3  10200778     114102101941021019110210193     122
CTRIA3    200779     114  210190  210193  210191     102
CTRIA3  10200779     114102101901021019310210191     122
CTRIA3    200780     114  210194  210195  210191     102
CTRIA3  10200780     114102101941021019510210191     122
CTRIA3    200781     114  210192  210191  210195     102
CTRIA3  10200781     114102101921021019110210195     122
CTRIA3    200782     114  210191  210188  210190     102
CTRIA3  10200782     114102101911021018810210190     122
CTRIA3    200783     114  210187  210190  210188     102
CTRIA3  10200783     114102101871021019010210188     122
CTRIA3    200784     114  210191  210192  210188     102
CTRIA3  10200784     114102101911021019210210188     122
CTRIA3    200785     114  210189  210188  210192     102
CTRIA3  10200785     114102101891021018810210192     122
CTRIA3    200786     114  210180  210183  210155     102
CTRIA3  10200786     114102101801021018310210155     122
CTRIA3    200787     114  210158  210155  210183     102
CTRIA3  10200787     114102101581021015510210183     122
CTRIA3    200788     114  210180  210179  210183     102
CTRIA3  10200788     114102101801021017910210183     122
CTRIA3    200789     114  210182  210183  210179     102
CTRIA3  10200789     114102101821021018310210179     122
$CTRIA3    200790     114  210177  210180  210152     102
$CTRIA3  10200790     114102101771021018010210152     122
$CTRIA3    200791     114  210155  210152  210180     102
$CTRIA3  10200791     114102101551021015210210180     122
$CTRIA3    200792     114  210179  210180  210176     102
$CTRIA3  10200792     114102101791021018010210176     122
$CTRIA3    200793     114  210177  210176  210180     102
$CTRIA3  10200793     114102101771021017610210180     122
$CTRIA3    200794     114  210176  210177   10064     102
$CTRIA3  10200794     114102101761021017710010064     122
$CTRIA3    200795     114   10063   10064  210177     102
$CTRIA3  10200795     114100100631001006410210177     122
CTRIA3    200796     114   10037   10038  210171     102
CTRIA3  10200796     114100100371001003810210171     122
CTRIA3    200797     114  210172  210171   10038     102
CTRIA3  10200797     114102101721021017110010038     122
CTRIA3    200798     114  210171  210168  210170     102
CTRIA3  10200798     114102101711021016810210170     122
CTRIA3    200799     114  210167  210170  210168     102
CTRIA3  10200799     114102101671021017010210168     122
CTRIA3    200800     114  210171  210172  210168     102
CTRIA3  10200800     114102101711021017210210168     122
CTRIA3    200801     114  210169  210168  210172     102
CTRIA3  10200801     114102101691021016810210172     122
CTRIA3    200802     114  210168  210165  210167     102
CTRIA3  10200802     114102101681021016510210167     122
CTRIA3    200803     114  210164  210167  210165     102
CTRIA3  10200803     114102101641021016710210165     122
CTRIA3    200804     114  210168  210169  210165     102
CTRIA3  10200804     114102101681021016910210165     122
CTRIA3    200805     114  210166  210165  210169     102
CTRIA3  10200805     114102101661021016510210169     122
CTRIA3    200806     114  210157  210160  210125     102
CTRIA3  10200806     114102101571021016010210125     122
CTRIA3    200807     114  210128  210125  210160     102
CTRIA3  10200807     114102101281021012510210160     122
CTRIA3    200808     114  210159  210160  210156     102
CTRIA3  10200808     114102101591021016010210156     122
CTRIA3    200809     114  210157  210156  210160     102
CTRIA3  10200809     114102101571021015610210160     122
$CTRIA3    200810     114  210156  210157  210153     102
$CTRIA3  10200810     114102101561021015710210153     122
$CTRIA3    200811     114  210154  210153  210157     102
$CTRIA3  10200811     114102101541021015310210157     122
$CTRIA3    200812     114  210153  210154   10061     102
$CTRIA3  10200812     114102101531021015410010061     122
$CTRIA3    200813     114   10060   10061  210154     102
$CTRIA3  10200813     114100100601001006110210154     122
CTRIA3    200814     114   10040   10041  210148     102
CTRIA3  10200814     114100100401001004110210148     122
CTRIA3    200815     114  210149  210148   10041     102
CTRIA3  10200815     114102101491021014810010041     122
CTRIA3    200816     114  210148  210149  210143     102
CTRIA3  10200816     114102101481021014910210143     122
CTRIA3    200817     114  210144  210143  210149     102
CTRIA3  10200817     114102101441021014310210149     122
CTRIA3    200818     114  210143  210138  210142     102
CTRIA3  10200818     114102101431021013810210142     122
CTRIA3    200819     114  210137  210142  210138     102
CTRIA3  10200819     114102101371021014210210138     122
CTRIA3    200820     114  210143  210144  210138     102
CTRIA3  10200820     114102101431021014410210138     122
CTRIA3    200821     114  210139  210138  210144     102
CTRIA3  10200821     114102101391021013810210144     122
CTRIA3    200822     114  210129  210130  210126     102
CTRIA3  10200822     114102101291021013010210126     122
CTRIA3    200823     114  210127  210126  210130     102
CTRIA3  10200823     114102101271021012610210130     122
$CTRIA3    200824     114  210126  210127  210123     102
$CTRIA3  10200824     114102101261021012710210123     122
$CTRIA3    200825     114  210124  210123  210127     102
$CTRIA3  10200825     114102101241021012310210127     122
$CTRIA3    200826     114  210123  210124   10058     102
$CTRIA3  10200826     114102101231021012410010058     122
$CTRIA3    200827     114   10057   10058  210124     102
$CTRIA3  10200827     114100100571001005810210124     122
CTRIA3    200828     114  210113  210114  210119     102
CTRIA3  10200828     114102101131021011410210119     122
CTRIA3    200829     114  210114  210131  210119     102
CTRIA3  10200829     114102101141021013110210119     122
CTRIA3    200830     114  210117  210119  210131     102
CTRIA3  10200830     114102101171021011910210131     122
