CTRIA3    400001     124  520052  520064  520051     102
CTRIA3  10400001     124105200521052006410520051     122
CTRIA3    400002     124  520030   20033  520092     102
CTRIA3  10400002     124105200301002003310520092     122
CTRIA3    400003     124  520031   20033  520030     102
CTRIA3  10400003     124105200311002003310520030     122
CTRIA3    400004     124   20033  520031   20014     102
CTRIA3  10400004     124100200331052003110020014     122
CTRIA3    400005     124  520029  520092  520091     102
CTRIA3  10400005     124105200291052009210520091     122
CTRIA3    400006     124  520092  520029  520030     102
CTRIA3  10400006     124105200921052002910520030     122
CTRIA3    400007     124  520091  520028  520029     102
CTRIA3  10400007     124105200911052002810520029     122
CTRIA3    400008     124  520028  520091  520085     102
CTRIA3  10400008     124105200281052009110520085     122
CTRIA3    400009     124  520085  520027  520028     102
CTRIA3  10400009     124105200851052002710520028     122
CTRIA3    400010     124  520086  520027  520085     102
CTRIA3  10400010     124105200861052002710520085     122
CTRIA3    400011     124  520087  520163  520086     102
CTRIA3  10400011     124105200871052016310520086     122
CTRIA3    400012     124  520027  520086  520163     102
CTRIA3  10400012     124105200271052008610520163     122
CTRIA3    400013     124  520087  520026  520163     102
CTRIA3  10400013     124105200871052002610520163     122
CTRIA3    400014     124  520163  520026  520027     102
CTRIA3  10400014     124105201631052002610520027     122
CTRIA3    400015     124  520023  520090  520062     102
CTRIA3  10400015     124105200231052009010520062     122
CTRIA3    400016     124  520024  520090  520023     102
CTRIA3  10400016     124105200241052009010520023     122
CTRIA3    400017     124  520090  520024  520089     102
CTRIA3  10400017     124105200901052002410520089     122
CTRIA3    400018     124  520025  520089  520024     102
CTRIA3  10400018     124105200251052008910520024     122
CTRIA3    400019     124  520026  520088  520025     102
CTRIA3  10400019     124105200261052008810520025     122
CTRIA3    400020     124  520087  520088  520026     102
CTRIA3  10400020     124105200871052008810520026     122
CTRIA3    400021     124  520088  520089  520025     102
CTRIA3  10400021     124105200881052008910520025     122
CTRIA3    400022     124  520023  520062  520063     102
CTRIA3  10400022     124105200231052006210520063     122
CTRIA3    400023     124  520053  520022  520063     102
CTRIA3  10400023     124105200531052002210520063     122
CTRIA3    400024     124  520022  520023  520063     102
CTRIA3  10400024     124105200221052002310520063     122
CTRIA3    400025     124  520018  520057  520017     102
CTRIA3  10400025     124105200181052005710520017     122
CTRIA3    400026     124  520057  520018  520061     102
CTRIA3  10400026     124105200571052001810520061     122
CTRIA3    400027     124  520019  520061  520018     102
CTRIA3  10400027     124105200191052006110520018     122
CTRIA3    400028     124  520061  520019  520060     102
CTRIA3  10400028     124105200611052001910520060     122
CTRIA3    400029     124  520059  520020  520058     102
CTRIA3  10400029     124105200591052002010520058     122
CTRIA3    400030     124  520021  520058  520020     102
CTRIA3  10400030     124105200211052005810520020     122
CTRIA3    400031     124  520022  520053  520021     102
CTRIA3  10400031     124105200221052005310520021     122
CTRIA3    400032     124  520021  520053  520058     102
CTRIA3  10400032     124105200211052005310520058     122
CTRIA3    400033     124  520072  520017  520057     102
CTRIA3  10400033     124105200721052001710520057     122
CTRIA3    400034     124  520017  520072  520016     102
CTRIA3  10400034     124105200171052007210520016     122
CTRIA3    400035     124  520016  520071  520015     102
CTRIA3  10400035     124105200161052007110520015     122
CTRIA3    400036     124  520071  520016  520072     102
CTRIA3  10400036     124105200711052001610520072     122
CTRIA3    400037     124  520054  520058  520053     102
CTRIA3  10400037     124105200541052005810520053     122
CTRIA3    400038     124  520058  520055  520059     102
CTRIA3  10400038     124105200581052005510520059     122
CTRIA3    400039     124  520055  520058  520054     102
CTRIA3  10400039     124105200551052005810520054     122
CTRIA3    400040     124  520061  520064  520057     102
CTRIA3  10400040     124105200611052006410520057     122
CTRIA3    400041     124  520060  520164  520061     102
CTRIA3  10400041     124105200601052016410520061     122
CTRIA3    400042     124  520059  520165  520060     102
CTRIA3  10400042     124105200591052016510520060     122
CTRIA3    400043     124  520055  520165  520059     102
CTRIA3  10400043     124105200551052016510520059     122
CTRIA3    400044     124  520165  520055  520056     102
CTRIA3  10400044     124105201651052005510520056     122
CTRIA3    400045     124  520164  520064  520061     102
CTRIA3  10400045     124105201641052006410520061     122
CTRIA3    400046     124  520164  520060  520165     102
CTRIA3  10400046     124105201641052006010520165     122
CTRIA3    400047     124  520164  520165  520056     102
CTRIA3  10400047     124105201641052016510520056     122
CTRIA3    400048     124  520056  520051  520164     102
CTRIA3  10400048     124105200561052005110520164     122
CTRIA3    400049     124  520164  520051  520064     102
CTRIA3  10400049     124105201641052005110520064     122
CTRIA3    400050     124  520057  520093  520072     102
CTRIA3  10400050     124105200571052009310520072     122
CTRIA3    400051     124  520093  520057  520064     102
CTRIA3  10400051     124105200931052005710520064     122
CTRIA3    400052     124  520090  520065  520062     102
CTRIA3  10400052     124105200901052006510520062     122
CTRIA3    400053     124  520089  520166  520090     102
CTRIA3  10400053     124105200891052016610520090     122
CTRIA3    400054     124  520088  520167  520089     102
CTRIA3  10400054     124105200881052016710520089     122
CTRIA3    400055     124  520087  520168  520088     102
CTRIA3  10400055     124105200871052016810520088     122
CTRIA3    400056     124  520086  520169  520087     102
CTRIA3  10400056     124105200861052016910520087     122
CTRIA3    400057     124  520086  520085  520094     102
CTRIA3  10400057     124105200861052008510520094     122
CTRIA3    400058     124  520168  520087  520169     102
CTRIA3  10400058     124105201681052008710520169     122
CTRIA3    400059     124  520169  520097  520168     102
CTRIA3  10400059     124105201691052009710520168     122
CTRIA3    400060     124  520098  520168  520097     102
CTRIA3  10400060     124105200981052016810520097     122
CTRIA3    400061     124  520099  520167  520098     102
CTRIA3  10400061     124105200991052016710520098     122
CTRIA3    400062     124  520166  520089  520167     102
CTRIA3  10400062     124105201661052008910520167     122
CTRIA3    400063     124  520167  520088  520168     102
CTRIA3  10400063     124105201671052008810520168     122
CTRIA3    400064     124  520168  520098  520167     102
CTRIA3  10400064     124105201681052009810520167     122
CTRIA3    400065     124  520099  520166  520167     102
CTRIA3  10400065     124105200991052016610520167     122
CTRIA3    400066     124  520100  520166  520099     102
CTRIA3  10400066     124105201001052016610520099     122
CTRIA3    400067     124  520065  520090  520100     102
CTRIA3  10400067     124105200651052009010520100     122
CTRIA3    400068     124  520100  520090  520166     102
CTRIA3  10400068     124105201001052009010520166     122
CTRIA3    400069     124  520094  520085  520095     102
CTRIA3  10400069     124105200941052008510520095     122
CTRIA3    400070     124  520095  520085  520091     102
CTRIA3  10400070     124105200951052008510520091     122
CTRIA3    400071     124  520092  520096  520091     102
CTRIA3  10400071     124105200921052009610520091     122
CTRIA3    400072     124  520091  520096  520095     102
CTRIA3  10400072     124105200911052009610520095     122
CTRIA3    400073     124   20034  520092   20033     102
CTRIA3  10400073     124100200341052009210020033     122
CTRIA3    400074     124   20035  520096   20034     102
CTRIA3  10400074     124100200351052009610020034     122
CTRIA3    400075     124   20034  520096  520092     102
CTRIA3  10400075     124100200341052009610520092     122
CTRIA3    400076     124  520070  520170  520052     102
CTRIA3  10400076     124105200701052017010520052     122
CTRIA3    400077     124  520170  520070  520076     102
CTRIA3  10400077     124105201701052007010520076     122
CTRIA3    400078     124  520170  520076  520093     102
CTRIA3  10400078     124105201701052007610520093     122
CTRIA3    400079     124  520051  520070  520052     102
CTRIA3  10400079     124105200511052007010520052     122
CTRIA3    400080     124  520069  520108  520051     102
CTRIA3  10400080     124105200691052010810520051     122
CTRIA3    400081     124  520068  520171  520069     102
CTRIA3  10400081     124105200681052017110520069     122
CTRIA3    400082     124  520067  520172  520068     102
CTRIA3  10400082     124105200671052017210520068     122
CTRIA3    400083     124  520066  520173  520067     102
CTRIA3  10400083     124105200661052017310520067     122
CTRIA3    400084     124  520066  520065  520101     102
CTRIA3  10400084     124105200661052006510520101     122
CTRIA3    400085     124  520105  520066  520101     102
CTRIA3  10400085     124105201051052006610520101     122
CTRIA3    400086     124  520172  520067  520173     102
CTRIA3  10400086     124105201721052006710520173     122
CTRIA3    400087     124  520173  520066  520105     102
CTRIA3  10400087     124105201731052006610520105     122
CTRIA3    400088     124  520105  520106  520173     102
CTRIA3  10400088     124105201051052010610520173     122
CTRIA3    400089     124  520173  520106  520172     102
CTRIA3  10400089     124105201731052010610520172     122
CTRIA3    400090     124  520107  520172  520106     102
CTRIA3  10400090     124105201071052017210520106     122
CTRIA3    400091     124  520068  520172  520171     102
CTRIA3  10400091     124105200681052017210520171     122
CTRIA3    400092     124  520171  520172  520107     102
CTRIA3  10400092     124105201711052017210520107     122
CTRIA3    400093     124  520108  520171  520107     102
CTRIA3  10400093     124105201081052017110520107     122
CTRIA3    400094     124  520108  520070  520051     102
CTRIA3  10400094     124105201081052007010520051     122
CTRIA3    400095     124  520069  520171  520108     102
CTRIA3  10400095     124105200691052017110520108     122
CTRIA3    400096     124  520099  520174  520100     102
CTRIA3  10400096     124105200991052017410520100     122
CTRIA3    400097     124  520098  520174  520099     102
CTRIA3  10400097     124105200981052017410520099     122
CTRIA3    400098     124  520097  520094  520102     102
CTRIA3  10400098     124105200971052009410520102     122
CTRIA3    400099     124  520109  520097  520102     102
CTRIA3  10400099     124105201091052009710520102     122
CTRIA3    400100     124  520174  520098  520110     102
CTRIA3  10400100     124105201741052009810520110     122
CTRIA3    400101     124  520111  520174  520110     102
CTRIA3  10400101     124105201111052017410520110     122
CTRIA3    400102     124  520112  520174  520111     102
CTRIA3  10400102     124105201121052017410520111     122
CTRIA3    400103     124  520112  520100  520174     102
CTRIA3  10400103     124105201121052010010520174     122
CTRIA3    400104     124  520102  520094  520103     102
CTRIA3  10400104     124105201021052009410520103     122
CTRIA3    400105     124  520103  520094  520095     102
CTRIA3  10400105     124105201031052009410520095     122
CTRIA3    400106     124  520096  520104  520095     102
CTRIA3  10400106     124105200961052010410520095     122
CTRIA3    400107     124  520095  520104  520103     102
CTRIA3  10400107     124105200951052010410520103     122
CTRIA3    400108     124  520104  520096   20036     102
CTRIA3  10400108     124105201041052009610020036     122
CTRIA3    400109     124   20036  520096   20035     102
CTRIA3  10400109     124100200361052009610020035     122
CTRIA3    400110     124  520070  520113  520076     102
CTRIA3  10400110     124105200701052011310520076     122
CTRIA3    400111     124  520113  520070  520114     102
CTRIA3  10400111     124105201131052007010520114     122
CTRIA3    400112     124  520108  520114  520070     102
CTRIA3  10400112     124105201081052011410520070     122
CTRIA3    400113     124  520106  520175  520107     102
CTRIA3  10400113     124105201061052017510520107     122
CTRIA3    400114     124  520105  520176  520106     102
CTRIA3  10400114     124105201051052017610520106     122
CTRIA3    400115     124  520175  520106  520176     102
CTRIA3  10400115     124105201751052010610520176     122
CTRIA3    400116     124  520176  520120  520175     102
CTRIA3  10400116     124105201761052012010520175     122
CTRIA3    400117     124  520121  520175  520120     102
CTRIA3  10400117     124105201211052017510520120     122
CTRIA3    400118     124  520122  520177  520121     102
CTRIA3  10400118     124105201221052017710520121     122
CTRIA3    400119     124  520122  520114  520108     102
CTRIA3  10400119     124105201221052011410520108     122
CTRIA3    400120     124  520107  520175  520177     102
CTRIA3  10400120     124105201071052017510520177     122
CTRIA3    400121     124  520177  520175  520121     102
CTRIA3  10400121     124105201771052017510520121     122
CTRIA3    400122     124  520112  520115  520101     102
CTRIA3  10400122     124105201121052011510520101     122
CTRIA3    400123     124  520111  520178  520112     102
CTRIA3  10400123     124105201111052017810520112     122
CTRIA3    400124     124  520110  520179  520111     102
CTRIA3  10400124     124105201101052017910520111     122
CTRIA3    400125     124  520109  520180  520110     102
CTRIA3  10400125     124105201091052018010520110     122
CTRIA3    400126     124  520109  520102  520116     102
CTRIA3  10400126     124105201091052010210520116     122
CTRIA3    400127     124  520179  520110  520180     102
CTRIA3  10400127     124105201791052011010520180     122
CTRIA3    400128     124  520111  520179  520178     102
CTRIA3  10400128     124105201111052017910520178     122
CTRIA3    400129     124  520178  520179  520124     102
CTRIA3  10400129     124105201781052017910520124     122
CTRIA3    400130     124  520125  520178  520124     102
CTRIA3  10400130     124105201251052017810520124     122
CTRIA3    400131     124  520115  520112  520125     102
CTRIA3  10400131     124105201151052011210520125     122
CTRIA3    400132     124  520125  520112  520178     102
CTRIA3  10400132     124105201251052011210520178     122
CTRIA3    400133     124  520116  520102  520117     102
CTRIA3  10400133     124105201161052010210520117     122
CTRIA3    400134     124  520117  520102  520103     102
CTRIA3  10400134     124105201171052010210520103     122
CTRIA3    400135     124  520104  520118  520103     102
CTRIA3  10400135     124105201041052011810520103     122
CTRIA3    400136     124  520103  520118  520117     102
CTRIA3  10400136     124105201031052011810520117     122
CTRIA3    400137     124   20036   20037  520104     102
CTRIA3  10400137     124100200361002003710520104     122
CTRIA3    400138     124  520104   20037  520118     102
CTRIA3  10400138     124105201041002003710520118     122
CTRIA3    400139     124  520114  520080  520113     102
CTRIA3  10400139     124105201141052008010520113     122
CTRIA3    400140     124  520080  520114  520126     102
CTRIA3  10400140     124105200801052011410520126     122
CTRIA3    400141     124  520122  520126  520114     102
CTRIA3  10400141     124105201221052012610520114     122
CTRIA3    400142     124  520121  520133  520122     102
CTRIA3  10400142     124105201211052013310520122     122
CTRIA3    400143     124  520120  520181  520121     102
CTRIA3  10400143     124105201201052018110520121     122
CTRIA3    400144     124  520119  520181  520120     102
CTRIA3  10400144     124105201191052018110520120     122
CTRIA3    400145     124  520119  520115  520127     102
CTRIA3  10400145     124105201191052011510520127     122
CTRIA3    400146     124  520131  520119  520127     102
CTRIA3  10400146     124105201311052011910520127     122
CTRIA3    400147     124  520132  520181  520131     102
CTRIA3  10400147     124105201321052018110520131     122
CTRIA3    400148     124  520181  520119  520131     102
CTRIA3  10400148     124105201811052011910520131     122
CTRIA3    400149     124  520133  520181  520132     102
CTRIA3  10400149     124105201331052018110520132     122
CTRIA3    400150     124  520133  520126  520122     102
CTRIA3  10400150     124105201331052012610520122     122
CTRIA3    400151     124  520121  520181  520133     102
CTRIA3  10400151     124105201211052018110520133     122
CTRIA3    400152     124  520125  520127  520115     102
CTRIA3  10400152     124105201251052012710520115     122
CTRIA3    400153     124  520124  520182  520125     102
CTRIA3  10400153     124105201241052018210520125     122
CTRIA3    400154     124  520123  520182  520124     102
CTRIA3  10400154     124105201231052018210520124     122
CTRIA3    400155     124  520123  520116  520128     102
CTRIA3  10400155     124105201231052011610520128     122
CTRIA3    400156     124  520134  520123  520128     102
CTRIA3  10400156     124105201341052012310520128     122
CTRIA3    400157     124  520123  520134  520182     102
CTRIA3  10400157     124105201231052013410520182     122
CTRIA3    400158     124  520135  520182  520134     102
CTRIA3  10400158     124105201351052018210520134     122
CTRIA3    400159     124  520127  520125  520135     102
CTRIA3  10400159     124105201271052012510520135     122
CTRIA3    400160     124  520135  520125  520182     102
CTRIA3  10400160     124105201351052012510520182     122
CTRIA3    400161     124  520128  520116  520129     102
CTRIA3  10400161     124105201281052011610520129     122
CTRIA3    400162     124  520129  520116  520117     102
CTRIA3  10400162     124105201291052011610520117     122
CTRIA3    400163     124  520118  520130  520117     102
CTRIA3  10400163     124105201181052013010520117     122
CTRIA3    400164     124  520117  520130  520129     102
CTRIA3  10400164     124105201171052013010520129     122
CTRIA3    400165     124   20037   20038  520118     102
CTRIA3  10400165     124100200371002003810520118     122
CTRIA3    400166     124  520118   20038  520130     102
CTRIA3  10400166     124105201181002003810520130     122
CTRIA3    400167     124  520136  520126  520137     102
CTRIA3  10400167     124105201361052012610520137     122
CTRIA3    400168     124  520126  520136  520080     102
CTRIA3  10400168     124105201261052013610520080     122
CTRIA3    400169     124  520133  520137  520126     102
CTRIA3  10400169     124105201331052013710520126     122
CTRIA3    400170     124  520132  520143  520133     102
CTRIA3  10400170     124105201321052014310520133     122
CTRIA3    400171     124  520131  520183  520132     102
CTRIA3  10400171     124105201311052018310520132     122
CTRIA3    400172     124  520131  520127  520138     102
CTRIA3  10400172     124105201311052012710520138     122
CTRIA3    400173     124  520142  520131  520138     102
CTRIA3  10400173     124105201421052013110520138     122
CTRIA3    400174     124  520143  520183  520142     102
CTRIA3  10400174     124105201431052018310520142     122
CTRIA3    400175     124  520143  520137  520133     102
CTRIA3  10400175     124105201431052013710520133     122
CTRIA3    400176     124  520132  520183  520143     102
CTRIA3  10400176     124105201321052018310520143     122
CTRIA3    400177     124  520183  520131  520142     102
CTRIA3  10400177     124105201831052013110520142     122
CTRIA3    400178     124  520134  520128  520139     102
CTRIA3  10400178     124105201341052012810520139     122
CTRIA3    400179     124  520144  520134  520139     102
CTRIA3  10400179     124105201441052013410520139     122
CTRIA3    400180     124  520145  520184  520144     102
CTRIA3  10400180     124105201451052018410520144     122
CTRIA3    400181     124  520135  520184  520145     102
CTRIA3  10400181     124105201351052018410520145     122
CTRIA3    400182     124  520139  520128  520140     102
CTRIA3  10400182     124105201391052012810520140     122
CTRIA3    400183     124  520140  520128  520129     102
CTRIA3  10400183     124105201401052012810520129     122
CTRIA3    400184     124  520130  520141  520129     102
CTRIA3  10400184     124105201301052014110520129     122
CTRIA3    400185     124  520129  520141  520140     102
CTRIA3  10400185     124105201291052014110520140     122
CTRIA3    400186     124   20038   20039  520130     102
CTRIA3  10400186     124100200381002003910520130     122
CTRIA3    400187     124  520130   20039  520141     102
CTRIA3  10400187     124105201301002003910520141     122
CTRIA3    400188     124  520137  520084  520136     102
CTRIA3  10400188     124105201371052008410520136     122
CTRIA3    400189     124  520084  520137  520146     102
CTRIA3  10400189     124105200841052013710520146     122
CTRIA3    400190     124  520143  520146  520137     102
CTRIA3  10400190     124105201431052014610520137     122
CTRIA3    400191     124  520142  520152  520143     102
CTRIA3  10400191     124105201421052015210520143     122
CTRIA3    400192     124  520152  520146  520143     102
CTRIA3  10400192     124105201521052014610520143     122
CTRIA3    400193     124  520142  520151  520152     102
CTRIA3  10400193     124105201421052015110520152     122
CTRIA3    400194     124  520145  520147  520138     102
CTRIA3  10400194     124105201451052014710520138     122
CTRIA3    400195     124  520144  520153  520145     102
CTRIA3  10400195     124105201441052015310520145     122
CTRIA3    400196     124  520144  520139  520148     102
CTRIA3  10400196     124105201441052013910520148     122
CTRIA3    400197     124  520153  520147  520145     102
CTRIA3  10400197     124105201531052014710520145     122
CTRIA3    400198     124  520144  520148  520153     102
CTRIA3  10400198     124105201441052014810520153     122
CTRIA3    400199     124  520148  520139  520149     102
CTRIA3  10400199     124105201481052013910520149     122
CTRIA3    400200     124  520149  520139  520140     102
CTRIA3  10400200     124105201491052013910520140     122
CTRIA3    400201     124  520141  520150  520140     102
CTRIA3  10400201     124105201411052015010520140     122
CTRIA3    400202     124  520140  520150  520149     102
CTRIA3  10400202     124105201401052015010520149     122
CTRIA3    400203     124   20039   20040  520141     102
CTRIA3  10400203     124100200391002004010520141     122
CTRIA3    400204     124  520141   20040  520150     102
CTRIA3  10400204     124105201411002004010520150     122
CTRIA3    400205     124  520146  520154  520084     102
CTRIA3  10400205     124105201461052015410520084     122
CTRIA3    400206     124  520154  520146  520155     102
CTRIA3  10400206     124105201541052014610520155     122
CTRIA3    400207     124  520147  520156  520160     102
CTRIA3  10400207     124105201471052015610520160     122
CTRIA3    400208     124  520147  520160  520151     102
CTRIA3  10400208     124105201471052016010520151     122
CTRIA3    400209     124  520152  520155  520146     102
CTRIA3  10400209     124105201521052015510520146     122
CTRIA3    400210     124  520155  520152  520161     102
CTRIA3  10400210     124105201551052015210520161     122
CTRIA3    400211     124  520151  520161  520152     102
CTRIA3  10400211     124105201511052016110520152     122
CTRIA3    400212     124  520161  520151  520160     102
CTRIA3  10400212     124105201611052015110520160     122
CTRIA3    400213     124  520157  520153  520148     102
CTRIA3  10400213     124105201571052015310520148     122
CTRIA3    400214     124  520162  520153  520157     102
CTRIA3  10400214     124105201621052015310520157     122
CTRIA3    400215     124  520156  520147  520162     102
CTRIA3  10400215     124105201561052014710520162     122
CTRIA3    400216     124  520162  520147  520153     102
CTRIA3  10400216     124105201621052014710520153     122
CTRIA3    400217     124  520157  520148  520158     102
CTRIA3  10400217     124105201571052014810520158     122
CTRIA3    400218     124  520158  520148  520149     102
CTRIA3  10400218     124105201581052014810520149     122
CTRIA3    400219     124  520149  520159  520158     102
CTRIA3  10400219     124105201491052015910520158     122
CTRIA3    400220     124  520159  520149  520150     102
CTRIA3  10400220     124105201591052014910520150     122
CTRIA3    400221     124   20040   20041  520150     102
CTRIA3  10400221     124100200401002004110520150     122
CTRIA3    400222     124  520150   20041  520159     102
CTRIA3  10400222     124105201501002004110520159     122
CTRIA3    400223     124   20041   10002  520159     102
CTRIA3  10400223     124100200411001000210520159     122
CTRIA3    400224     124  520159   10002  210046     102
CTRIA3  10400224     124105201591001000210210046     122
CTRIA3    400225     124  520158  210046  210047     102
CTRIA3  10400225     124105201581021004610210047     122
CTRIA3    400226     124  210046  520158  520159     102
CTRIA3  10400226     124102100461052015810520159     122
CTRIA3    400227     124  210048  520157  210047     102
CTRIA3  10400227     124102100481052015710210047     122
CTRIA3    400228     124  210047  520157  520158     102
CTRIA3  10400228     124102100471052015710520158     122
CTRIA3    400229     124  210048  520162  520157     102
CTRIA3  10400229     124102100481052016210520157     122
CTRIA3    400230     124  210049  520162  210048     102
CTRIA3  10400230     124102100491052016210210048     122
CTRIA3    400231     124  210050  520156  210049     102
CTRIA3  10400231     124102100501052015610210049     122
CTRIA3    400232     124  210049  520156  520162     102
CTRIA3  10400232     124102100491052015610520162     122
CTRIA3    400233     124  520161  210052  520155     102
CTRIA3  10400233     124105201611021005210520155     122
CTRIA3    400234     124  210052  520161  210051     102
CTRIA3  10400234     124102100521052016110210051     122
CTRIA3    400235     124  520160  210051  520161     102
CTRIA3  10400235     124105201601021005110520161     122
CTRIA3    400236     124  520156  210050  520160     102
CTRIA3  10400236     124105201561021005010520160     122
CTRIA3    400237     124  520160  210050  210051     102
CTRIA3  10400237     124105201601021005010210051     122
CTRIA3    400238     124  210053  520155  210052     102
CTRIA3  10400238     124102100531052015510210052     122
CTRIA3    400239     124  520155  210053  520154     102
CTRIA3  10400239     124105201551021005310520154     122
CTRIA3    400240     124  520081  520084  520154     102
CTRIA3  10400240     124105200811052008410520154     122
CTRIA3    400241     124  210053  210054  520154     102
CTRIA3  10400241     124102100531021005410520154     122
CTRIA3    400242     124  520154  210054  520081     102
CTRIA3  10400242     124105201541021005410520081     122
$CTRIA3    400243     124  520084  520081  520082     102
$CTRIA3  10400243     124105200841052008110520082     122
$CTRIA3    400244     124  520084  520082  520136     102
$CTRIA3  10400244     124105200841052008210520136     122
$CTRIA3    400245     124  520083  520136  520082     102
$CTRIA3  10400245     124105200831052013610520082     122
$CTRIA3    400246     124  520077  520080  520083     102
$CTRIA3  10400246     124105200771052008010520083     122
$CTRIA3    400247     124  520083  520080  520136     102
$CTRIA3  10400247     124105200831052008010520136     122
$CTRIA3    400248     124  520080  520077  520078     102
$CTRIA3  10400248     124105200801052007710520078     122
$CTRIA3    400249     124  520080  520078  520113     102
$CTRIA3  10400249     124105200801052007810520113     122
$CTRIA3    400250     124  520079  520113  520078     102
$CTRIA3  10400250     124105200791052011310520078     122
$CTRIA3    400251     124  520073  520076  520079     102
$CTRIA3  10400251     124105200731052007610520079     122
$CTRIA3    400252     124  520079  520076  520113     102
$CTRIA3  10400252     124105200791052007610520113     122
$CTRIA3    400253     124  520076  520073  520074     102
$CTRIA3  10400253     124105200761052007310520074     122
$CTRIA3    400254     124  520076  520074  520093     102
$CTRIA3  10400254     124105200761052007410520093     122
$CTRIA3    400255     124  520075  520093  520074     102
$CTRIA3  10400255     124105200751052009310520074     122
$CTRIA3    400256     124  520071  520072  520075     102
$CTRIA3  10400256     124105200711052007210520075     122
$CTRIA3    400257     124  520075  520072  520093     102
$CTRIA3  10400257     124105200751052007210520093     122
CTRIA3    400258     124  520056  520069  520051     102
CTRIA3  10400258     124105200561052006910520051     122
CTRIA3    400259     124  520055  520069  520056     102
CTRIA3  10400259     124105200551052006910520056     122
CTRIA3    400260     124  520054  520187  520055     102
CTRIA3  10400260     124105200541052018710520055     122
CTRIA3    400261     124  520053  520185  520054     102
CTRIA3  10400261     124105200531052018510520054     122
CTRIA3    400262     124  520063  520186  520053     102
CTRIA3  10400262     124105200631052018610520053     122
CTRIA3    400263     124  520063  520062  520065     102
CTRIA3  10400263     124105200631052006210520065     122
CTRIA3    400264     124  520066  520063  520065     102
CTRIA3  10400264     124105200661052006310520065     122
CTRIA3    400265     124  520185  520053  520186     102
CTRIA3  10400265     124105201851052005310520186     122
CTRIA3    400266     124  520063  520066  520186     102
CTRIA3  10400266     124105200631052006610520186     122
CTRIA3    400267     124  520186  520066  520185     102
CTRIA3  10400267     124105201861052006610520185     122
CTRIA3    400268     124  520067  520185  520066     102
CTRIA3  10400268     124105200671052018510520066     122
CTRIA3    400269     124  520068  520069  520055     102
CTRIA3  10400269     124105200681052006910520055     122
CTRIA3    400270     124  520187  520068  520055     102
CTRIA3  10400270     124105201871052006810520055     122
CTRIA3    400271     124  520185  520067  520187     102
CTRIA3  10400271     124105201851052006710520187     122
CTRIA3    400272     124  520187  520054  520185     102
CTRIA3  10400272     124105201871052005410520185     122
CTRIA3    400273     124  520187  520067  520068     102
CTRIA3  10400273     124105201871052006710520068     122
$CTRIA3    400274     124   20012  520071  520075     102
$CTRIA3  10400274     124100200121052007110520075     122
$CTRIA3    400275     124   20012  520075   20011     102
$CTRIA3  10400275     124100200121052007510020011     122
$CTRIA3    400276     124  520073   20009   20010     102
$CTRIA3  10400276     124105200731002000910020010     122
$CTRIA3    400277     124   20010  520074  520073     102
$CTRIA3  10400277     124100200101052007410520073     122
$CTRIA3    400278     124  520078   20008  520079     102
$CTRIA3  10400278     124105200781002000810520079     122
$CTRIA3    400279     124  520078  520077   20006     102
$CTRIA3  10400279     124105200781052007710020006     122
$CTRIA3    400280     124   20007  520078   20006     102
$CTRIA3  10400280     124100200071052007810020006     122
$CTRIA3    400281     124  520078   20007   20008     102
$CTRIA3  10400281     124105200781002000710020008     122
$CTRIA3    400282     124   20006  520077  520083     102
$CTRIA3  10400282     124100200061052007710520083     122
$CTRIA3    400283     124   20006  520083   20005     102
$CTRIA3  10400283     124100200061052008310020005     122
$CTRIA3    400284     124   20005  520082   20004     102
$CTRIA3  10400284     124100200051052008210020004     122
$CTRIA3    400285     124  520082   20005  520083     102
$CTRIA3  10400285     124105200821002000510520083     122
CTRIA3    400286     124   10045  520081  210054     102
CTRIA3  10400286     124100100451052008110210054     122
CTRIA3    400287     124  520081   10045   20003     102
CTRIA3  10400287     124105200811001004510020003     122
CTRIA3    400288     124  520071   20012   20013     102
CTRIA3  10400288     124105200711002001210020013     122
CTRIA3    400289     124   20002  520015   20013     102
CTRIA3  10400289     124100200021052001510020013     122
CTRIA3    400290     124   20013  520015  520071     102
CTRIA3  10400290     124100200131052001510520071     122
CTRIA3    400291     124  520180  520123  520179     102
CTRIA3  10400291     124105201801052012310520179     122
CTRIA3    400292     124  520124  520179  520123     102
CTRIA3  10400292     124105201241052017910520123     122
CTRIA3    400293     124  520020  520059  520019     102
CTRIA3  10400293     124105200201052005910520019     122
CTRIA3    400294     124  520060  520019  520059     102
CTRIA3  10400294     124105200601052001910520059     122
CTRIA3    400295     124  520097  520169  520094     102
CTRIA3  10400295     124105200971052016910520094     122
CTRIA3    400296     124  520086  520094  520169     102
CTRIA3  10400296     124105200861052009410520169     122
CTRIA3    400297     124  520170  520093  520052     102
CTRIA3  10400297     124105201701052009310520052     122
CTRIA3    400298     124  520064  520052  520093     102
CTRIA3  10400298     124105200641052005210520093     122
CTRIA3    400299     124  520100  520112  520065     102
CTRIA3  10400299     124105201001052011210520065     122
CTRIA3    400300     124  520101  520065  520112     102
CTRIA3  10400300     124105201011052006510520112     122
CTRIA3    400301     124  520097  520109  520098     102
CTRIA3  10400301     124105200971052010910520098     122
CTRIA3    400302     124  520110  520098  520109     102
CTRIA3  10400302     124105201101052009810520109     122
CTRIA3    400303     124  520107  520177  520108     102
CTRIA3  10400303     124105201071052017710520108     122
CTRIA3    400304     124  520122  520108  520177     102
CTRIA3  10400304     124105201221052010810520177     122
CTRIA3    400305     124  520115  520119  520101     102
CTRIA3  10400305     124105201151052011910520101     122
CTRIA3    400306     124  520105  520101  520119     102
CTRIA3  10400306     124105201051052010110520119     122
CTRIA3    400307     124  520120  520176  520119     102
CTRIA3  10400307     124105201201052017610520119     122
CTRIA3    400308     124  520105  520119  520176     102
CTRIA3  10400308     124105201051052011910520176     122
CTRIA3    400309     124  520123  520180  520116     102
CTRIA3  10400309     124105201231052018010520116     122
CTRIA3    400310     124  520109  520116  520180     102
CTRIA3  10400310     124105201091052011610520180     122
CTRIA3    400311     124  520135  520145  520127     102
CTRIA3  10400311     124105201351052014510520127     122
CTRIA3    400312     124  520138  520127  520145     102
CTRIA3  10400312     124105201381052012710520145     122
CTRIA3    400313     124  520144  520184  520134     102
CTRIA3  10400313     124105201441052018410520134     122
CTRIA3    400314     124  520135  520134  520184     102
CTRIA3  10400314     124105201351052013410520184     122
CTRIA3    400315     124  520147  520151  520138     102
CTRIA3  10400315     124105201471052015110520138     122
CTRIA3    400316     124  520142  520138  520151     102
CTRIA3  10400316     124105201421052013810520151     122
$CTRIA3    400317     124  520075  520074   20011     102
$CTRIA3  10400317     124105200751052007410020011     122
$CTRIA3    400318     124   20010   20011  520074     102
$CTRIA3  10400318     124100200101002001110520074     122
$CTRIA3    400319     124  520073  520079   20009     102
$CTRIA3  10400319     124105200731052007910020009     122
$CTRIA3    400320     124   20008   20009  520079     102
$CTRIA3  10400320     124100200081002000910520079     122
$CTRIA3    400321     124   20003   20004  520081     102
$CTRIA3  10400321     124100200031002000410520081     122
$CTRIA3    400322     124  520082  520081   20004     102
$CTRIA3  10400322     124105200821052008110020004     122
