CTRIA3    940001     132  912701  830127   30051     103
CTRIA3  10940001     132109127011083012710030051     123
CTRIA3    940002     132   30051  730127  912701     103
CTRIA3  10940002     132100300511073012710912701     123
CTRIA3    940003     132  730142  730069  906901     103
CTRIA3  10940003     132107301421073006910906901     123
CTRIA3    940004     132  906901  914201  730142     103
CTRIA3  10940004     132109069011091420110730142     123
CTRIA3    940005     132  730140  914001  914101     103
CTRIA3  10940005     132107301401091400110914101     123
CTRIA3    940006     132  914101  730141  730140     103
CTRIA3  10940006     132109141011073014110730140     123
CTRIA3    940007     132  730131  730141  914101     103
CTRIA3  10940007     132107301311073014110914101     123
CTRIA3    940008     132  913101  730131  914101     103
CTRIA3  10940008     132109131011073013110914101     123
CTRIA3    940009     132  913901  913801  830138     103
CTRIA3  10940009     132109139011091380110830138     123
CTRIA3    940010     132  830138  830139  913901     103
CTRIA3  10940010     132108301381083013910913901     123
CTRIA3    940011     132  830142  914201  906901     103
CTRIA3  10940011     132108301421091420110906901     123
CTRIA3    940012     132  906901  830069  830142     103
CTRIA3  10940012     132109069011083006910830142     123
CTRIA3    940013     132  830140  914101  914001     103
CTRIA3  10940013     132108301401091410110914001     123
CTRIA3    940014     132  830141  914101  830140     103
CTRIA3  10940014     132108301411091410110830140     123
CTRIA3    940015     132  830140  913901  830139     103
CTRIA3  10940015     132108301401091390110830139     123
CTRIA3    940016     132  914001  913901  830140     103
CTRIA3  10940016     132109140011091390110830140     123
CTRIA3    940017     132  913101  914101  830131     103
CTRIA3  10940017     132109131011091410110830131     123
CTRIA3    940018     132  830131  914101  830141     103
CTRIA3  10940018     132108301311091410110830141     123
CTRIA3    940019     132  730144  730143  914301     103
CTRIA3  10940019     132107301441073014310914301     123
CTRIA3    940020     132  914401  730144  914301     103
CTRIA3  10940020     132109144011073014410914301     123
CTRIA3    940021     132  914301  730142  914201     103
CTRIA3  10940021     132109143011073014210914201     123
CTRIA3    940022     132  914301  730143  730142     103
CTRIA3  10940022     132109143011073014310730142     123
CTRIA3    940023     132  914301  830142  830143     103
CTRIA3  10940023     132109143011083014210830143     123
CTRIA3    940024     132  914201  830142  914301     103
CTRIA3  10940024     132109142011083014210914301     123
CTRIA3    940025     132  830133  914601  830146     103
CTRIA3  10940025     132108301331091460110830146     123
CTRIA3    940026     132  830133  913301  914601     103
CTRIA3  10940026     132108301331091330110914601     123
CTRIA3    940027     132  830133  830136  913601     103
CTRIA3  10940027     132108301331083013610913601     123
CTRIA3    940028     132  913601  913301  830133     103
CTRIA3  10940028     132109136011091330110830133     123
CTRIA3    940029     132  730133  913301  913601     103
CTRIA3  10940029     132107301331091330110913601     123
CTRIA3    940030     132  913601  730136  730133     103
CTRIA3  10940030     132109136011073013610730133     123
CTRIA3    940031     132  730133  730146  914601     103
CTRIA3  10940031     132107301331073014610914601     123
CTRIA3    940032     132  914601  913301  730133     103
CTRIA3  10940032     132109146011091330110730133     123
CTRIA3    940033     132  730139  914001  730140     103
CTRIA3  10940033     132107301391091400110730140     123
CTRIA3    940034     132  730139  913901  914001     103
CTRIA3  10940034     132107301391091390110914001     123
CTRIA3    940035     132  913801  913901  730139     103
CTRIA3  10940035     132109138011091390110730139     123
CTRIA3    940036     132  730139  730138  913801     103
CTRIA3  10940036     132107301391073013810913801     123
CTRIA3    940037     132  913701  730137  730136     103
CTRIA3  10940037     132109137011073013710730136     123
CTRIA3    940038     132  913701  730136  913601     103
CTRIA3  10940038     132109137011073013610913601     123
CTRIA3    940039     132  730138  730137  913701     103
CTRIA3  10940039     132107301381073013710913701     123
CTRIA3    940040     132  913801  730138  913701     103
CTRIA3  10940040     132109138011073013810913701     123
CTRIA3    940041     132  830136  830137  913701     103
CTRIA3  10940041     132108301361083013710913701     123
CTRIA3    940042     132  913601  830136  913701     103
CTRIA3  10940042     132109136011083013610913701     123
CTRIA3    940043     132  830138  913801  913701     103
CTRIA3  10940043     132108301381091380110913701     123
CTRIA3    940044     132  913701  830137  830138     103
CTRIA3  10940044     132109137011083013710830138     123
CTRIA3    940045     132  914401  914301  830144     103
CTRIA3  10940045     132109144011091430110830144     123
CTRIA3    940046     132  830144  914301  830143     103
CTRIA3  10940046     132108301441091430110830143     123
CTRIA3    940047     132  912901  730129  730131     103
CTRIA3  10940047     132109129011073012910730131     123
CTRIA3    940048     132  912901  730131  913101     103
CTRIA3  10940048     132109129011073013110913101     123
CTRIA3    940049     132  730127  730129  912901     103
CTRIA3  10940049     132107301271073012910912901     123
CTRIA3    940050     132  912901  912701  730127     103
CTRIA3  10940050     132109129011091270110730127     123
CTRIA3    940051     132  914501  730144  914401     103
CTRIA3  10940051     132109145011073014410914401     123
CTRIA3    940052     132  914501  730145  730144     103
CTRIA3  10940052     132109145011073014510730144     123
CTRIA3    940053     132  914601  730146  914501     103
CTRIA3  10940053     132109146011073014610914501     123
CTRIA3    940054     132  730146  730145  914501     103
CTRIA3  10940054     132107301461073014510914501     123
CTRIA3    940055     132  914501  830144  830145     103
CTRIA3  10940055     132109145011083014410830145     123
CTRIA3    940056     132  914401  830144  914501     103
CTRIA3  10940056     132109144011083014410914501     123
CTRIA3    940057     132  914501  830145  830146     103
CTRIA3  10940057     132109145011083014510830146     123
CTRIA3    940058     132  830146  914601  914501     103
CTRIA3  10940058     132108301461091460110914501     123
CTRIA3    940059     132  912701  912901  830129     103
CTRIA3  10940059     132109127011091290110830129     123
CTRIA3    940060     132  830127  912701  830129     103
CTRIA3  10940060     132108301271091270110830129     123
CTRIA3    940061     132  913101  830131  830129     103
CTRIA3  10940061     132109131011083013110830129     123
CTRIA3    940062     132  830129  912901  913101     103
CTRIA3  10940062     132108301291091290110913101     123
CTRIA3    940063     132   30049  730100  910001     103
CTRIA3  10940063     132100300491073010010910001     123
CTRIA3    940064     132  910001  830100   30049     103
CTRIA3  10940064     132109100011083010010030049     123
CTRIA3    940065     132  911503  730116  730115     103
CTRIA3  10940065     132109115031073011610730115     123
CTRIA3    940066     132  911502  911601  911503     103
CTRIA3  10940066     132109115021091160110911503     123
CTRIA3    940067     132  911601  730116  911503     103
CTRIA3  10940067     132109116011073011610911503     123
CTRIA3    940068     132  911501  911601  911502     103
CTRIA3  10940068     132109115011091160110911502     123
CTRIA3    940069     132  830115  830116  911501     103
CTRIA3  10940069     132108301151083011610911501     123
CTRIA3    940070     132  911501  830116  911601     103
CTRIA3  10940070     132109115011083011610911601     123
CTRIA3    940071     132  730100  730103  910001     103
CTRIA3  10940071     132107301001073010310910001     123
CTRIA3    940072     132  910001  730103  910301     103
CTRIA3  10940072     132109100011073010310910301     123
CTRIA3    940073     132  911202  912103  911203     103
CTRIA3  10940073     132109112021091210310911203     123
CTRIA3    940074     132  912102  912103  911202     103
CTRIA3  10940074     132109121021091210310911202     123
CTRIA3    940075     132  912403  730124  730123     103
CTRIA3  10940075     132109124031073012410730123     123
CTRIA3    940076     132  730123  912303  912403     103
CTRIA3  10940076     132107301231091230310912403     123
CTRIA3    940077     132  730112  911203  730121     103
CTRIA3  10940077     132107301121091120310730121     123
CTRIA3    940078     132  911203  912103  730121     103
CTRIA3  10940078     132109112031091210310730121     123
CTRIA3    940079     132  912203  730123  730122     103
CTRIA3  10940079     132109122031073012310730122     123
CTRIA3    940080     132  912303  730123  912203     103
CTRIA3  10940080     132109123031073012310912203     123
CTRIA3    940081     132  730122  730121  912203     103
CTRIA3  10940081     132107301221073012110912203     123
CTRIA3    940082     132  912203  730121  912103     103
CTRIA3  10940082     132109122031073012110912103     123
CTRIA3    940083     132  912203  912103  912102     103
CTRIA3  10940083     132109122031091210310912102     123
CTRIA3    940084     132  912203  912102  912202     103
CTRIA3  10940084     132109122031091210210912202     123
CTRIA3    940085     132  912503  730124  912403     103
CTRIA3  10940085     132109125031073012410912403     123
CTRIA3    940086     132  912503  730125  730124     103
CTRIA3  10940086     132109125031073012510730124     123
CTRIA3    940087     132  730126  730125  912503     103
CTRIA3  10940087     132107301261073012510912503     123
CTRIA3    940088     132  912503  912603  730126     103
CTRIA3  10940088     132109125031091260310730126     123
CTRIA3    940089     132  910902  910903  912602     103
CTRIA3  10940089     132109109021091090310912602     123
CTRIA3    940090     132  912602  910903  912603     103
CTRIA3  10940090     132109126021091090310912603     123
CTRIA3    940091     132  912603  912503  912602     103
CTRIA3  10940091     132109126031091250310912602     123
CTRIA3    940092     132  912602  912503  912502     103
CTRIA3  10940092     132109126021091250310912502     123
CTRIA3    940093     132  730126  912603  730109     103
CTRIA3  10940093     132107301261091260310730109     123
CTRIA3    940094     132  912603  910903  730109     103
CTRIA3  10940094     132109126031091090310730109     123
CTRIA3    940095     132  911403  910903  910902     103
CTRIA3  10940095     132109114031091090310910902     123
CTRIA3    940096     132  911403  910902  911402     103
CTRIA3  10940096     132109114031091090210911402     123
CTRIA3    940097     132  830103  910001  910301     103
CTRIA3  10940097     132108301031091000110910301     123
CTRIA3    940098     132  830100  910001  830103     103
CTRIA3  10940098     132108301001091000110830103     123
CTRIA3    940099     132  910601  730103  730106     103
CTRIA3  10940099     132109106011073010310730106     123
CTRIA3    940100     132  910301  730103  910601     103
CTRIA3  10940100     132109103011073010310910601     123
CTRIA3    940101     132  730106  730120  910601     103
CTRIA3  10940101     132107301061073012010910601     123
CTRIA3    940102     132  910601  730120  912001     103
CTRIA3  10940102     132109106011073012010912001     123
CTRIA3    940103     132  830106  830103  910601     103
CTRIA3  10940103     132108301061083010310910601     123
CTRIA3    940104     132  910601  830103  910301     103
CTRIA3  10940104     132109106011083010310910301     123
CTRIA3    940105     132  830120  910601  912001     103
CTRIA3  10940105     132108301201091060110912001     123
CTRIA3    940106     132  830106  910601  830120     103
CTRIA3  10940106     132108301061091060110830120     123
CTRIA3    940107     132  911801  730118  730117     103
CTRIA3  10940107     132109118011073011810730117     123
CTRIA3    940108     132  911801  730117  911701     103
CTRIA3  10940108     132109118011073011710911701     123
CTRIA3    940109     132  830117  830118  911801     103
CTRIA3  10940109     132108301171083011810911801     123
CTRIA3    940110     132  911701  830117  911801     103
CTRIA3  10940110     132109117011083011710911801     123
CTRIA3    940111     132  911701  730117  730116     103
CTRIA3  10940111     132109117011073011710730116     123
CTRIA3    940112     132  730116  911601  911701     103
CTRIA3  10940112     132107301161091160110911701     123
CTRIA3    940113     132  830116  830117  911701     103
CTRIA3  10940113     132108301161083011710911701     123
CTRIA3    940114     132  911701  911601  830116     103
CTRIA3  10940114     132109117011091160110830116     123
CTRIA3    940115     132  911402  910902  911401     103
CTRIA3  10940115     132109114021091090210911401     123
CTRIA3    940116     132  910902  910901  911401     103
CTRIA3  10940116     132109109021091090110911401     123
CTRIA3    940117     132  830126  830109  912601     103
CTRIA3  10940117     132108301261083010910912601     123
CTRIA3    940118     132  912601  830109  910901     103
CTRIA3  10940118     132109126011083010910910901     123
CTRIA3    940119     132  912601  830125  830126     103
CTRIA3  10940119     132109126011083012510830126     123
CTRIA3    940120     132  912501  830125  912601     103
CTRIA3  10940120     132109125011083012510912601     123
CTRIA3    940121     132  910902  912602  912601     103
CTRIA3  10940121     132109109021091260210912601     123
CTRIA3    940122     132  912601  910901  910902     103
CTRIA3  10940122     132109126011091090110910902     123
CTRIA3    940123     132  912601  912602  912502     103
CTRIA3  10940123     132109126011091260210912502     123
CTRIA3    940124     132  912502  912501  912601     103
CTRIA3  10940124     132109125021091250110912601     123
CTRIA3    940125     132  911503  911403  911402     103
CTRIA3  10940125     132109115031091140310911402     123
CTRIA3    940126     132  911402  911502  911503     103
CTRIA3  10940126     132109114021091150210911503     123
CTRIA3    940127     132  911403  911503  730114     103
CTRIA3  10940127     132109114031091150310730114     123
CTRIA3    940128     132  730114  911503  730115     103
CTRIA3  10940128     132107301141091150310730115     123
CTRIA3    940129     132  730114  730109  910903     103
CTRIA3  10940129     132107301141073010910910903     123
CTRIA3    940130     132  910903  911403  730114     103
CTRIA3  10940130     132109109031091140310730114     123
CTRIA3    940131     132  912101  911202  911201     103
CTRIA3  10940131     132109121011091120210911201     123
CTRIA3    940132     132  912102  911202  912101     103
CTRIA3  10940132     132109121021091120210912101     123
CTRIA3    940133     132  912202  912102  912101     103
CTRIA3  10940133     132109122021091210210912101     123
CTRIA3    940134     132  912101  912201  912202     103
CTRIA3  10940134     132109121011091220110912202     123
CTRIA3    940135     132  911201  830112  912101     103
CTRIA3  10940135     132109112011083011210912101     123
CTRIA3    940136     132  830112  830121  912101     103
CTRIA3  10940136     132108301121083012110912101     123
CTRIA3    940137     132  912101  830121  830122     103
CTRIA3  10940137     132109121011083012110830122     123
CTRIA3    940138     132  830122  912201  912101     103
CTRIA3  10940138     132108301221091220110912101     123
CTRIA3    940139     132  911901  730120  730119     103
CTRIA3  10940139     132109119011073012010730119     123
CTRIA3    940140     132  912001  730120  911901     103
CTRIA3  10940140     132109120011073012010911901     123
CTRIA3    940141     132  730119  730118  911901     103
CTRIA3  10940141     132107301191073011810911901     123
CTRIA3    940142     132  730118  911801  911901     103
CTRIA3  10940142     132107301181091180110911901     123
CTRIA3    940143     132  830119  830120  911901     103
CTRIA3  10940143     132108301191083012010911901     123
CTRIA3    940144     132  911901  830120  912001     103
CTRIA3  10940144     132109119011083012010912001     123
CTRIA3    940145     132  911901  830118  830119     103
CTRIA3  10940145     132109119011083011810830119     123
CTRIA3    940146     132  911901  911801  830118     103
CTRIA3  10940146     132109119011091180110830118     123
CTRIA3    940147     132  911402  911401  911501     103
CTRIA3  10940147     132109114021091140110911501     123
CTRIA3    940148     132  911501  911502  911402     103
CTRIA3  10940148     132109115011091150210911402     123
CTRIA3    940149     132  830114  911501  911401     103
CTRIA3  10940149     132108301141091150110911401     123
CTRIA3    940150     132  830115  911501  830114     103
CTRIA3  10940150     132108301151091150110830114     123
CTRIA3    940151     132  830114  911401  910901     103
CTRIA3  10940151     132108301141091140110910901     123
CTRIA3    940152     132  910901  830109  830114     103
CTRIA3  10940152     132109109011083010910830114     123
CTRIA3    940153     132  912301  830122  830123     103
CTRIA3  10940153     132109123011083012210830123     123
CTRIA3    940154     132  912301  912201  830122     103
CTRIA3  10940154     132109123011091220110830122     123
CTRIA3    940155     132  830124  912301  830123     103
CTRIA3  10940155     132108301241091230110830123     123
CTRIA3    940156     132  912401  912301  830124     103
CTRIA3  10940156     132109124011091230110830124     123
CTRIA3    940157     132  830124  830125  912501     103
CTRIA3  10940157     132108301241083012510912501     123
CTRIA3    940158     132  912501  912401  830124     103
CTRIA3  10940158     132109125011091240110830124     123
CTRIA3    940159     132  912402  912503  912403     103
CTRIA3  10940159     132109124021091250310912403     123
CTRIA3    940160     132  912502  912503  912402     103
CTRIA3  10940160     132109125021091250310912402     123
CTRIA3    940161     132  912402  912501  912502     103
CTRIA3  10940161     132109124021091250110912502     123
CTRIA3    940162     132  912402  912401  912501     103
CTRIA3  10940162     132109124021091240110912501     123
CTRIA3    940163     132  912202  912201  912302     103
CTRIA3  10940163     132109122021091220110912302     123
CTRIA3    940164     132  912201  912301  912302     103
CTRIA3  10940164     132109122011091230110912302     123
CTRIA3    940165     132  912302  912301  912401     103
CTRIA3  10940165     132109123021091230110912401     123
CTRIA3    940166     132  912401  912402  912302     103
CTRIA3  10940166     132109124011091240210912302     123
CTRIA3    940167     132  912303  912203  912302     103
CTRIA3  10940167     132109123031091220310912302     123
CTRIA3    940168     132  912302  912203  912202     103
CTRIA3  10940168     132109123021091220310912202     123
CTRIA3    940169     132  912403  912303  912302     103
CTRIA3  10940169     132109124031091230310912302     123
CTRIA3    940170     132  912302  912402  912403     103
CTRIA3  10940170     132109123021091240210912403     123
CTRIA3    940171     132  901501  730015   30002     103
$TRIA3  10940171     132  901501  730015   30002     123
CTRIA3    940172     132  901802  901803  901701     103
$TRIA3  10940172     132  901802  901803  901701     123
CTRIA3    940173     132  901701  901803  901601     103
$TRIA3  10940173     132  901701  901803  901601     123
CTRIA3    940174     132   30014  730044  904401     103
$TRIA3  10940174     132   30014  730044  904401     123
CTRIA3    940175     132  902302  902403  902404     103
$TRIA3  10940175     132  902302  902403  902404     123
CTRIA3    940176     132  903202  903104  903103     103
$TRIA3  10940176     132  903202  903104  903103     123
CTRIA3    940177     132  903203  903104  903202     103
$TRIA3  10940177     132  903203  903104  903202     123
CTRIA3    940178     132  730016  901601  901803     103
$TRIA3  10940178     132  730016  901601  901803     123
CTRIA3    940179     132  902303  902302  902404     103
$TRIA3  10940179     132  902303  902302  902404     123
CTRIA3    940180     132  903104  903203  903105     103
$TRIA3  10940180     132  903104  903203  903105     123
CTRIA3    940181     132  730031  903105  730032     103
$TRIA3  10940181     132  730031  903105  730032     123
CTRIA3    940182     132  730032  903105  903203     103
$TRIA3  10940182     132  730032  903105  903203     123
CTRIA3    940183     132  730038  730037  903703     103
$TRIA3  10940183     132  730038  730037  903703     123
CTRIA3    940184     132  901803  730018  730017     103
$TRIA3  10940184     132  901803  730018  730017     123
CTRIA3    940185     132  730017  730016  901803     103
$TRIA3  10940185     132  730017  730016  901803     123
CTRIA3    940186     132  902405  902303  902404     103
$TRIA3  10940186     132  902405  902303  902404     123
CTRIA3    940187     132  903801  730038  903703     103
$TRIA3  10940187     132  903801  730038  903703     123
CTRIA3    940188     132  903703  903702  903801     103
$TRIA3  10940188     132  903703  903702  903801     123
CTRIA3    940189     132  730023  902405  730024     103
$TRIA3  10940189     132  730023  902405  730024     123
CTRIA3    940190     132  902303  902405  730023     103
$TRIA3  10940190     132  902303  902405  730023     123
CTRIA3    940191     132  830015  901501   30002     103
$TRIA3  10940191     132  830015  901501   30002     123
CTRIA3    940192     132  901801  901802  901701     103
$TRIA3  10940192     132  901801  901802  901701     123
CTRIA3    940193     132  901701  901601  901801     103
$TRIA3  10940193     132  901701  901601  901801     123
CTRIA3    940194     132  903701  903801  903702     103
$TRIA3  10940194     132  903701  903801  903702     123
CTRIA3    940195     132  903701  830038  903801     103
$TRIA3  10940195     132  903701  830038  903801     123
CTRIA3    940196     132  830016  901801  901601     103
$TRIA3  10940196     132  830016  901801  901601     123
CTRIA3    940197     132  903202  903103  903102     103
$TRIA3  10940197     132  903202  903103  903102     123
CTRIA3    940198     132   30014  904401  830044     103
$TRIA3  10940198     132   30014  904401  830044     123
CTRIA3    940199     132  830017  830018  901801     103
$TRIA3  10940199     132  830017  830018  901801     123
CTRIA3    940200     132  901801  830016  830017     103
$TRIA3  10940200     132  901801  830016  830017     123
CTRIA3    940201     132  903202  903102  903201     103
$TRIA3  10940201     132  903202  903102  903201     123
CTRIA3    940202     132  903201  903102  903101     103
$TRIA3  10940202     132  903201  903102  903101     123
CTRIA3    940203     132  830038  903701  830037     103
$TRIA3  10940203     132  830038  903701  830037     123
CTRIA3    940204     132  830032  903101  830031     103
$TRIA3  10940204     132  830032  903101  830031     123
CTRIA3    940205     132  830032  903201  903101     103
$TRIA3  10940205     132  830032  903201  903101     123
CTRIA3    940206     132  902302  902301  902402     103
$TRIA3  10940206     132  902302  902301  902402     123
CTRIA3    940207     132  902403  902302  902402     103
$TRIA3  10940207     132  902403  902302  902402     123
CTRIA3    940208     132  902401  902402  902301     103
$TRIA3  10940208     132  902401  902402  902301     123
CTRIA3    940209     132  902401  830023  830024     103
$TRIA3  10940209     132  902401  830023  830024     123
CTRIA3    940210     132  902401  902301  830023     103
$TRIA3  10940210     132  902401  902301  830023     123
CTRIA3    940211     132  730026  902605  730027     103
$TRIA3  10940211     132  730026  902605  730027     123
CTRIA3    940212     132  730027  902605  902705     103
$TRIA3  10940212     132  730027  902605  902705     123
CTRIA3    940213     132  904101  730041  730040     103
$TRIA3  10940213     132  904101  730041  730040     123
CTRIA3    940214     132  904101  730040  904001     103
$TRIA3  10940214     132  904101  730040  904001     123
CTRIA3    940215     132  730042  904101  904201     103
$TRIA3  10940215     132  730042  904101  904201     123
CTRIA3    940216     132  730041  904101  730042     103
$TRIA3  10940216     132  730041  904101  730042     123
CTRIA3    940217     132  903603  730037  730036     103
$TRIA3  10940217     132  903603  730037  730036     123
CTRIA3    940218     132  903703  730037  903603     103
$TRIA3  10940218     132  903703  730037  903603     123
CTRIA3    940219     132  903602  903702  903603     103
$TRIA3  10940219     132  903602  903702  903603     123
CTRIA3    940220     132  903603  903702  903703     103
$TRIA3  10940220     132  903603  903702  903703     123
CTRIA3    940221     132  901501  901601  730016     103
$TRIA3  10940221     132  901501  901601  730016     123
CTRIA3    940222     132  730015  901501  730016     103
$TRIA3  10940222     132  730015  901501  730016     123
CTRIA3    940223     132  901903  901802  901902     103
$TRIA3  10940223     132  901903  901802  901902     123
CTRIA3    940224     132  901803  901802  901903     103
$TRIA3  10940224     132  901803  901802  901903     123
CTRIA3    940225     132  902703  902803  902704     103
$TRIA3  10940225     132  902703  902803  902704     123
CTRIA3    940226     132  902704  902803  902804     103
$TRIA3  10940226     132  902704  902803  902804     123
CTRIA3    940227     132  902705  902605  902704     103
$TRIA3  10940227     132  902705  902605  902704     123
CTRIA3    940228     132  902704  902605  902604     103
$TRIA3  10940228     132  902704  902605  902604     123
CTRIA3    940229     132  902603  902703  902704     103
$TRIA3  10940229     132  902603  902703  902704     123
CTRIA3    940230     132  902704  902604  902603     103
$TRIA3  10940230     132  902704  902604  902603     123
CTRIA3    940231     132  902603  902604  902503     103
$TRIA3  10940231     132  902603  902604  902503     123
CTRIA3    940232     132  902604  902504  902503     103
$TRIA3  10940232     132  902604  902504  902503     123
CTRIA3    940233     132  902404  902403  902503     103
$TRIA3  10940233     132  902404  902403  902503     123
CTRIA3    940234     132  902503  902504  902404     103
$TRIA3  10940234     132  902503  902504  902404     123
CTRIA3    940235     132  902604  902605  902505     103
$TRIA3  10940235     132  902604  902605  902505     123
CTRIA3    940236     132  902505  902504  902604     103
$TRIA3  10940236     132  902505  902504  902604     123
CTRIA3    940237     132  903303  730034  730033     103
$TRIA3  10940237     132  903303  730034  730033     123
CTRIA3    940238     132  903403  730034  903303     103
$TRIA3  10940238     132  903403  730034  903303     123
CTRIA3    940239     132  730033  730032  903303     103
$TRIA3  10940239     132  730033  730032  903303     123
CTRIA3    940240     132  903303  730032  903203     103
$TRIA3  10940240     132  903303  730032  903203     123
CTRIA3    940241     132  730043  904301  904401     103
$TRIA3  10940241     132  730043  904301  904401     123
CTRIA3    940242     132  730043  904401  730044     103
$TRIA3  10940242     132  730043  904401  730044     123
CTRIA3    940243     132  904201  904301  730043     103
$TRIA3  10940243     132  904201  904301  730043     123
CTRIA3    940244     132  730043  730042  904201     103
$TRIA3  10940244     132  730043  730042  904201     123
CTRIA3    940245     132  904001  730040  903901     103
$TRIA3  10940245     132  904001  730040  903901     123
CTRIA3    940246     132  730040  730039  903901     103
$TRIA3  10940246     132  730040  730039  903901     123
CTRIA3    940247     132  902203  902102  902202     103
$TRIA3  10940247     132  902203  902102  902202     123
CTRIA3    940248     132  902103  902102  902203     103
$TRIA3  10940248     132  902103  902102  902203     123
CTRIA3    940249     132  902202  902302  902203     103
$TRIA3  10940249     132  902202  902302  902203     123
CTRIA3    940250     132  902302  902303  902203     103
$TRIA3  10940250     132  902302  902303  902203     123
CTRIA3    940251     132  902203  730022  730021     103
$TRIA3  10940251     132  902203  730022  730021     123
CTRIA3    940252     132  730021  902103  902203     103
$TRIA3  10940252     132  730021  902103  902203     123
CTRIA3    940253     132  902002  902102  902003     103
$TRIA3  10940253     132  902002  902102  902003     123
CTRIA3    940254     132  902003  902102  902103     103
$TRIA3  10940254     132  902003  902102  902103     123
CTRIA3    940255     132  901902  902002  902003     103
$TRIA3  10940255     132  901902  902002  902003     123
CTRIA3    940256     132  902003  901903  901902     103
$TRIA3  10940256     132  902003  901903  901902     123
CTRIA3    940257     132  730025  902605  730026     103
$TRIA3  10940257     132  730025  902605  730026     123
CTRIA3    940258     132  730025  902505  902605     103
$TRIA3  10940258     132  730025  902505  902605     123
CTRIA3    940259     132  902404  902504  902405     103
$TRIA3  10940259     132  902404  902504  902405     123
CTRIA3    940260     132  902504  902505  902405     103
$TRIA3  10940260     132  902504  902505  902405     123
CTRIA3    940261     132  902405  730025  730024     103
$TRIA3  10940261     132  902405  730025  730024     123
CTRIA3    940262     132  902505  730025  902405     103
$TRIA3  10940262     132  902505  730025  902405     123
CTRIA3    940263     132  903302  903303  903203     103
$TRIA3  10940263     132  903302  903303  903203     123
CTRIA3    940264     132  903302  903203  903202     103
$TRIA3  10940264     132  903302  903203  903202     123
CTRIA3    940265     132  903403  903303  903302     103
$TRIA3  10940265     132  903403  903303  903302     123
CTRIA3    940266     132  903302  903402  903403     103
$TRIA3  10940266     132  903302  903402  903403     123
CTRIA3    940267     132  903801  903901  730039     103
$TRIA3  10940267     132  903801  903901  730039     123
CTRIA3    940268     132  730039  730038  903801     103
$TRIA3  10940268     132  730039  730038  903801     123
CTRIA3    940269     132  730023  902203  902303     103
$TRIA3  10940269     132  730023  902203  902303     123
CTRIA3    940270     132  730022  902203  730023     103
$TRIA3  10940270     132  730022  902203  730023     123
CTRIA3    940271     132  901803  901903  730019     103
$TRIA3  10940271     132  901803  901903  730019     123
CTRIA3    940272     132  730019  730018  901803     103
$TRIA3  10940272     132  730019  730018  901803     123
CTRIA3    940273     132  730028  730027  902805     103
$TRIA3  10940273     132  730028  730027  902805     123
CTRIA3    940274     132  902805  730027  902705     103
$TRIA3  10940274     132  902805  730027  902705     123
CTRIA3    940275     132  902805  902704  902804     103
$TRIA3  10940275     132  902805  902704  902804     123
CTRIA3    940276     132  902705  902704  902805     103
$TRIA3  10940276     132  902705  902704  902805     123
CTRIA3    940277     132  730028  902805  730029     103
$TRIA3  10940277     132  730028  902805  730029     123
CTRIA3    940278     132  730029  902805  902905     103
$TRIA3  10940278     132  730029  902805  902905     123
CTRIA3    940279     132  902904  902803  902903     103
$TRIA3  10940279     132  902904  902803  902903     123
CTRIA3    940280     132  902804  902803  902904     103
$TRIA3  10940280     132  902804  902803  902904     123
CTRIA3    940281     132  902904  902805  902804     103
$TRIA3  10940281     132  902904  902805  902804     123
CTRIA3    940282     132  902905  902805  902904     103
$TRIA3  10940282     132  902905  902805  902904     123
CTRIA3    940283     132  903402  903502  903503     103
$TRIA3  10940283     132  903402  903502  903503     123
CTRIA3    940284     132  903403  903402  903503     103
$TRIA3  10940284     132  903403  903402  903503     123
CTRIA3    940285     132  903602  903603  903503     103
$TRIA3  10940285     132  903602  903603  903503     123
CTRIA3    940286     132  903503  903502  903602     103
$TRIA3  10940286     132  903503  903502  903602     123
CTRIA3    940287     132  903503  730034  903403     103
$TRIA3  10940287     132  903503  730034  903403     123
CTRIA3    940288     132  903503  730035  730034     103
$TRIA3  10940288     132  903503  730035  730034     123
CTRIA3    940289     132  903503  903603  730036     103
$TRIA3  10940289     132  903503  903603  730036     123
CTRIA3    940290     132  730036  730035  903503     103
$TRIA3  10940290     132  730036  730035  903503     123
CTRIA3    940291     132  730020  902103  730021     103
$TRIA3  10940291     132  730020  902103  730021     123
CTRIA3    940292     132  730020  902003  902103     103
$TRIA3  10940292     132  730020  902003  902103     123
CTRIA3    940293     132  901903  902003  730020     103
$TRIA3  10940293     132  901903  902003  730020     123
CTRIA3    940294     132  730020  730019  901903     103
$TRIA3  10940294     132  730020  730019  901903     123
CTRIA3    940295     132  730030  903105  730031     103
$TRIA3  10940295     132  730030  903105  730031     123
CTRIA3    940296     132  730030  903005  903105     103
$TRIA3  10940296     132  730030  903005  903105     123
CTRIA3    940297     132  730030  730029  902905     103
$TRIA3  10940297     132  730030  730029  902905     123
CTRIA3    940298     132  902905  903005  730030     103
$TRIA3  10940298     132  902905  903005  730030     123
CTRIA3    940299     132  903004  902904  902903     103
$TRIA3  10940299     132  903004  902904  902903     123
CTRIA3    940300     132  902903  903003  903004     103
$TRIA3  10940300     132  902903  903003  903004     123
CTRIA3    940301     132  902905  902904  903004     103
$TRIA3  10940301     132  902905  902904  903004     123
CTRIA3    940302     132  903004  903005  902905     103
$TRIA3  10940302     132  903004  903005  902905     123
CTRIA3    940303     132  903004  903103  903104     103
$TRIA3  10940303     132  903004  903103  903104     123
CTRIA3    940304     132  903004  903003  903103     103
$TRIA3  10940304     132  903004  903003  903103     123
CTRIA3    940305     132  903105  903005  903004     103
$TRIA3  10940305     132  903105  903005  903004     123
CTRIA3    940306     132  903104  903105  903004     103
$TRIA3  10940306     132  903104  903105  903004     123
CTRIA3    940307     132  902001  902002  901902     103
$TRIA3  10940307     132  902001  902002  901902     123
CTRIA3    940308     132  901902  901901  902001     103
$TRIA3  10940308     132  901902  901901  902001     123
CTRIA3    940309     132  901902  901802  901801     103
$TRIA3  10940309     132  901902  901802  901801     123
CTRIA3    940310     132  901801  901901  901902     103
$TRIA3  10940310     132  901801  901901  901902     123
CTRIA3    940311     132  902101  902102  902002     103
$TRIA3  10940311     132  902101  902102  902002     123
CTRIA3    940312     132  902002  902001  902101     103
$TRIA3  10940312     132  902002  902001  902101     123
CTRIA3    940313     132  830016  901601  901501     103
$TRIA3  10940313     132  830016  901601  901501     123
CTRIA3    940314     132  901501  830015  830016     103
$TRIA3  10940314     132  901501  830015  830016     123
CTRIA3    940315     132  903901  903801  830039     103
$TRIA3  10940315     132  903901  903801  830039     123
CTRIA3    940316     132  903801  830038  830039     103
$TRIA3  10940316     132  903801  830038  830039     123
CTRIA3    940317     132  904001  903901  830039     103
$TRIA3  10940317     132  904001  903901  830039     123
CTRIA3    940318     132  830039  830040  904001     103
$TRIA3  10940318     132  830039  830040  904001     123
CTRIA3    940319     132  902202  902102  902201     103
$TRIA3  10940319     132  902202  902102  902201     123
CTRIA3    940320     132  902102  902101  902201     103
$TRIA3  10940320     132  902102  902101  902201     123
CTRIA3    940321     132  903601  903702  903602     103
$TRIA3  10940321     132  903601  903702  903602     123
CTRIA3    940322     132  903601  903701  903702     103
$TRIA3  10940322     132  903601  903701  903702     123
CTRIA3    940323     132  903602  903502  903601     103
$TRIA3  10940323     132  903602  903502  903601     123
CTRIA3    940324     132  903502  903501  903601     103
$TRIA3  10940324     132  903502  903501  903601     123
CTRIA3    940325     132  903401  903502  903402     103
$TRIA3  10940325     132  903401  903502  903402     123
CTRIA3    940326     132  903401  903501  903502     103
$TRIA3  10940326     132  903401  903501  903502     123
CTRIA3    940327     132  830041  904101  904001     103
$TRIA3  10940327     132  830041  904101  904001     123
CTRIA3    940328     132  904001  830040  830041     103
$TRIA3  10940328     132  904001  830040  830041     123
CTRIA3    940329     132  904201  904101  830041     103
$TRIA3  10940329     132  904201  904101  830041     123
CTRIA3    940330     132  830041  830042  904201     103
$TRIA3  10940330     132  830041  830042  904201     123
CTRIA3    940331     132  830043  904301  904201     103
$TRIA3  10940331     132  830043  904301  904201     123
CTRIA3    940332     132  904201  830042  830043     103
$TRIA3  10940332     132  904201  830042  830043     123
CTRIA3    940333     132  901901  901801  830018     103
$TRIA3  10940333     132  901901  901801  830018     123
CTRIA3    940334     132  830018  830019  901901     103
$TRIA3  10940334     132  830018  830019  901901     123
CTRIA3    940335     132  903402  903302  903301     103
$TRIA3  10940335     132  903402  903302  903301     123
CTRIA3    940336     132  903301  903401  903402     103
$TRIA3  10940336     132  903301  903401  903402     123
CTRIA3    940337     132  904401  904301  830044     103
$TRIA3  10940337     132  904401  904301  830044     123
CTRIA3    940338     132  904301  830043  830044     103
$TRIA3  10940338     132  904301  830043  830044     123
CTRIA3    940339     132  903103  903003  903002     103
$TRIA3  10940339     132  903103  903003  903002     123
CTRIA3    940340     132  903002  903102  903103     103
$TRIA3  10940340     132  903002  903102  903103     123
CTRIA3    940341     132  830020  902001  901901     103
$TRIA3  10940341     132  830020  902001  901901     123
CTRIA3    940342     132  901901  830019  830020     103
$TRIA3  10940342     132  901901  830019  830020     123
CTRIA3    940343     132  830020  902101  902001     103
$TRIA3  10940343     132  830020  902101  902001     123
CTRIA3    940344     132  830020  830021  902101     103
$TRIA3  10940344     132  830020  830021  902101     123
CTRIA3    940345     132  903201  903302  903202     103
$TRIA3  10940345     132  903201  903302  903202     123
CTRIA3    940346     132  903201  903301  903302     103
$TRIA3  10940346     132  903201  903301  903302     123
CTRIA3    940347     132  903501  903401  830034     103
$TRIA3  10940347     132  903501  903401  830034     123
CTRIA3    940348     132  830034  830035  903501     103
$TRIA3  10940348     132  830034  830035  903501     123
CTRIA3    940349     132  902902  903003  902903     103
$TRIA3  10940349     132  902902  903003  902903     123
CTRIA3    940350     132  902902  903002  903003     103
$TRIA3  10940350     132  902902  903002  903003     123
CTRIA3    940351     132  902903  902803  902902     103
$TRIA3  10940351     132  902903  902803  902902     123
CTRIA3    940352     132  902803  902802  902902     103
$TRIA3  10940352     132  902803  902802  902902     123
CTRIA3    940353     132  903102  903002  903001     103
$TRIA3  10940353     132  903102  903002  903001     123
CTRIA3    940354     132  903101  903102  903001     103
$TRIA3  10940354     132  903101  903102  903001     123
CTRIA3    940355     132  903002  902902  903001     103
$TRIA3  10940355     132  903002  902902  903001     123
CTRIA3    940356     132  903001  902902  902901     103
$TRIA3  10940356     132  903001  902902  902901     123
CTRIA3    940357     132  902702  902803  902703     103
$TRIA3  10940357     132  902702  902803  902703     123
CTRIA3    940358     132  902702  902802  902803     103
$TRIA3  10940358     132  902702  902802  902803     123
CTRIA3    940359     132  902702  902703  902603     103
$TRIA3  10940359     132  902702  902703  902603     123
CTRIA3    940360     132  902603  902602  902702     103
$TRIA3  10940360     132  902603  902602  902702     123
CTRIA3    940361     132  830028  830029  902801     103
$TRIA3  10940361     132  830028  830029  902801     123
CTRIA3    940362     132  902801  830029  902901     103
$TRIA3  10940362     132  902801  830029  902901     123
CTRIA3    940363     132  902801  902902  902802     103
$TRIA3  10940363     132  902801  902902  902802     123
CTRIA3    940364     132  902901  902902  902801     103
$TRIA3  10940364     132  902901  902902  902801     123
CTRIA3    940365     132  902802  902702  902801     103
$TRIA3  10940365     132  902802  902702  902801     123
CTRIA3    940366     132  902801  902702  902701     103
$TRIA3  10940366     132  902801  902702  902701     123
CTRIA3    940367     132  830036  903601  903501     103
$TRIA3  10940367     132  830036  903601  903501     123
CTRIA3    940368     132  903501  830035  830036     103
$TRIA3  10940368     132  903501  830035  830036     123
CTRIA3    940369     132  903701  903601  830036     103
$TRIA3  10940369     132  903701  903601  830036     123
CTRIA3    940370     132  830036  830037  903701     103
$TRIA3  10940370     132  830036  830037  903701     123
CTRIA3    940371     132  903101  903001  830030     103
$TRIA3  10940371     132  903101  903001  830030     123
CTRIA3    940372     132  830031  903101  830030     103
$TRIA3  10940372     132  830031  903101  830030     123
CTRIA3    940373     132  830030  903001  902901     103
$TRIA3  10940373     132  830030  903001  902901     123
CTRIA3    940374     132  902901  830029  830030     103
$TRIA3  10940374     132  902901  830029  830030     123
CTRIA3    940375     132  830028  902801  830027     103
$TRIA3  10940375     132  830028  902801  830027     123
CTRIA3    940376     132  830027  902801  902701     103
$TRIA3  10940376     132  830027  902801  902701     123
CTRIA3    940377     132  830022  902201  902101     103
$TRIA3  10940377     132  830022  902201  902101     123
CTRIA3    940378     132  902101  830021  830022     103
$TRIA3  10940378     132  902101  830021  830022     123
CTRIA3    940379     132  902301  902302  902202     103
$TRIA3  10940379     132  902301  902302  902202     123
CTRIA3    940380     132  902202  902201  902301     103
$TRIA3  10940380     132  902202  902201  902301     123
CTRIA3    940381     132  902301  830022  830023     103
$TRIA3  10940381     132  902301  830022  830023     123
CTRIA3    940382     132  902201  830022  902301     103
$TRIA3  10940382     132  902201  830022  902301     123
CTRIA3    940383     132  902603  902503  902502     103
$TRIA3  10940383     132  902603  902503  902502     123
CTRIA3    940384     132  902502  902602  902603     103
$TRIA3  10940384     132  902502  902602  902603     123
CTRIA3    940385     132  902602  902502  902601     103
$TRIA3  10940385     132  902602  902502  902601     123
CTRIA3    940386     132  902601  902502  902501     103
$TRIA3  10940386     132  902601  902502  902501     123
CTRIA3    940387     132  902601  830025  830026     103
$TRIA3  10940387     132  902601  830025  830026     123
CTRIA3    940388     132  902501  830025  902601     103
$TRIA3  10940388     132  902501  830025  902601     123
CTRIA3    940389     132  902601  902702  902602     103
$TRIA3  10940389     132  902601  902702  902602     123
CTRIA3    940390     132  902701  902702  902601     103
$TRIA3  10940390     132  902701  902702  902601     123
CTRIA3    940391     132  830026  830027  902601     103
$TRIA3  10940391     132  830026  830027  902601     123
CTRIA3    940392     132  902601  830027  902701     103
$TRIA3  10940392     132  902601  830027  902701     123
CTRIA3    940393     132  903401  903301  830033     103
$TRIA3  10940393     132  903401  903301  830033     123
CTRIA3    940394     132  830033  830034  903401     103
$TRIA3  10940394     132  830033  830034  903401     123
CTRIA3    940395     132  903301  903201  830033     103
$TRIA3  10940395     132  903301  903201  830033     123
CTRIA3    940396     132  903201  830032  830033     103
$TRIA3  10940396     132  903201  830032  830033     123
CTRIA3    940397     132  902402  902503  902403     103
$TRIA3  10940397     132  902402  902503  902403     123
CTRIA3    940398     132  902402  902502  902503     103
$TRIA3  10940398     132  902402  902502  902503     123
CTRIA3    940399     132  830024  830025  902401     103
$TRIA3  10940399     132  830024  830025  902401     123
CTRIA3    940400     132  902401  830025  902501     103
$TRIA3  10940400     132  902401  830025  902501     123
CTRIA3    940401     132  902501  902502  902401     103
$TRIA3  10940401     132  902501  902502  902401     123
CTRIA3    940402     132  902502  902402  902401     103
$TRIA3  10940402     132  902502  902402  902401     123
