CTRIA3    800001     134   30046  830044   30014     100
CTRIA3  10800001     13410030046  830044   30014     120
CTRIA3    800002     134   30047  830099   30046     100
CTRIA3  10800002     134100300471083009910030046     120
CTRIA3    800003     134  830080  830099   30047     100
CTRIA3  10800003     134108300801083009910030047     120
CTRIA3    800004     134  830044   30046  830099     100
CTRIA3  10800004     134  8300441003004610830099     120
CTRIA3    800005     134  830099  830043  830044     100
CTRIA3  10800005     13410830099  830043  830044     120
CTRIA3    800006     134  830080  830102  830099     100
CTRIA3  10800006     134108300801083010210830099     120
CTRIA3    800007     134  830081  830102  830080     100
CTRIA3  10800007     134108300811083010210830080     120
CTRIA3    800008     134  830043  830099  830102     100
CTRIA3  10800008     134  8300431083009910830102     120
CTRIA3    800009     134  830042  830043  830102     100
CTRIA3  10800009     134  830042  83004310830102     120
CTRIA3    800010     134  830042  830102  830105     100
CTRIA3  10800010     134  8300421083010210830105     120
CTRIA3    800011     134  830082  830105  830081     100
CTRIA3  10800011     134108300821083010510830081     120
CTRIA3    800012     134  830081  830105  830102     100
CTRIA3  10800012     134108300811083010510830102     120
CTRIA3    800013     134  830105  830041  830042     100
CTRIA3  10800013     13410830105  830041  830042     120
CTRIA3    800014     134  830082  830169  830105     100
CTRIA3  10800014     134108300821083016910830105     120
CTRIA3    800015     134  830090  830169  830082     100
CTRIA3  10800015     134108300901083016910830082     120
CTRIA3    800016     134  830088  830170  830089     100
CTRIA3  10800016     134108300881083017010830089     120
CTRIA3    800017     134  830087  830171  830088     100
CTRIA3  10800017     134108300871083017110830088     120
CTRIA3    800018     134  830086  830172  830087     100
CTRIA3  10800018     134108300861083017210830087     120
CTRIA3    800019     134  830085  830173  830086     100
CTRIA3  10800019     134108300851083017310830086     120
CTRIA3    800020     134  830084  830174  830085     100
CTRIA3  10800020     134108300841083017410830085     120
CTRIA3    800021     134  830084  830083  830108     100
CTRIA3  10800021     134108300841083008310830108     120
CTRIA3    800022     134  830108  830033  830034     100
CTRIA3  10800022     13410830108  830033  830034     120
CTRIA3    800023     134  830084  830108  830174     100
CTRIA3  10800023     134108300841083010810830174     120
CTRIA3    800024     134  830174  830108  830034     100
CTRIA3  10800024     1341083017410830108  830034     120
CTRIA3    800025     134  830035  830174  830034     100
CTRIA3  10800025     134  83003510830174  830034     120
CTRIA3    800026     134  830036  830173  830035     100
CTRIA3  10800026     134  83003610830173  830035     120
CTRIA3    800027     134  830172  830086  830173     100
CTRIA3  10800027     134108301721083008610830173     120
CTRIA3    800028     134  830173  830085  830174     100
CTRIA3  10800028     134108301731083008510830174     120
CTRIA3    800029     134  830174  830035  830173     100
CTRIA3  10800029     13410830174  83003510830173     120
CTRIA3    800030     134  830036  830172  830173     100
CTRIA3  10800030     134  8300361083017210830173     120
CTRIA3    800031     134  830037  830172  830036     100
CTRIA3  10800031     134  83003710830172  830036     120
CTRIA3    800032     134  830038  830171  830037     100
CTRIA3  10800032     134  83003810830171  830037     120
CTRIA3    800033     134  830170  830088  830171     100
CTRIA3  10800033     134108301701083008810830171     120
CTRIA3    800034     134  830171  830087  830172     100
CTRIA3  10800034     134108301711083008710830172     120
CTRIA3    800035     134  830172  830037  830171     100
CTRIA3  10800035     13410830172  83003710830171     120
CTRIA3    800036     134  830038  830170  830171     100
CTRIA3  10800036     134  8300381083017010830171     120
CTRIA3    800037     134  830039  830170  830038     100
CTRIA3  10800037     134  83003910830170  830038     120
CTRIA3    800038     134  830040  830175  830039     100
CTRIA3  10800038     134  83004010830175  830039     120
CTRIA3    800039     134  830040  830169  830175     100
CTRIA3  10800039     134  8300401083016910830175     120
CTRIA3    800040     134  830041  830169  830040     100
CTRIA3  10800040     134  83004110830169  830040     120
CTRIA3    800041     134  830169  830041  830105     100
CTRIA3  10800041     13410830169  83004110830105     120
CTRIA3    800042     134  830175  830170  830039     100
CTRIA3  10800042     1341083017510830170  830039     120
CTRIA3    800043     134  830170  830175  830089     100
CTRIA3  10800043     134108301701083017510830089     120
CTRIA3    800044     134  830089  830175  830090     100
CTRIA3  10800044     134108300891083017510830090     120
CTRIA3    800045     134  830090  830175  830169     100
CTRIA3  10800045     134108300901083017510830169     120
CTRIA3    800046     134  830108  830032  830033     100
CTRIA3  10800046     13410830108  830032  830033     120
CTRIA3    800047     134  830108  830083  830098     100
CTRIA3  10800047     134108301081083008310830098     120
CTRIA3    800048     134  830097  830176  830098     100
CTRIA3  10800048     134108300971083017610830098     120
CTRIA3    800049     134  830096  830177  830097     100
CTRIA3  10800049     134108300961083017710830097     120
CTRIA3    800050     134  830095  830178  830096     100
CTRIA3  10800050     134108300951083017810830096     120
CTRIA3    800051     134  830094  830179  830095     100
CTRIA3  10800051     134108300941083017910830095     120
CTRIA3    800052     134  830093  830181  830094     100
CTRIA3  10800052     134108300931083018110830094     120
CTRIA3    800053     134  830092  830180  830093     100
CTRIA3  10800053     134108300921083018010830093     120
CTRIA3    800054     134  830091  830180  830092     100
CTRIA3  10800054     134108300911083018010830092     120
CTRIA3    800055     134  830111  830180  830091     100
CTRIA3  10800055     134108301111083018010830091     120
CTRIA3    800056     134  830111  830025  830026     100
CTRIA3  10800056     13410830111  830025  830026     120
CTRIA3    800057     134  830027  830180  830026     100
CTRIA3  10800057     134  83002710830180  830026     120
CTRIA3    800058     134  830028  830181  830027     100
CTRIA3  10800058     134  83002810830181  830027     120
CTRIA3    800059     134  830029  830179  830028     100
CTRIA3  10800059     134  83002910830179  830028     120
CTRIA3    800060     134  830030  830178  830029     100
CTRIA3  10800060     134  83003010830178  830029     120
CTRIA3    800061     134  830177  830096  830178     100
CTRIA3  10800061     134108301771083009610830178     120
CTRIA3    800062     134  830178  830095  830179     100
CTRIA3  10800062     134108301781083009510830179     120
CTRIA3    800063     134  830179  830029  830178     100
CTRIA3  10800063     13410830179  83002910830178     120
CTRIA3    800064     134  830030  830177  830178     100
CTRIA3  10800064     134  8300301083017710830178     120
CTRIA3    800065     134  830031  830177  830030     100
CTRIA3  10800065     134  83003110830177  830030     120
CTRIA3    800066     134  830097  830177  830176     100
CTRIA3  10800066     134108300971083017710830176     120
CTRIA3    800067     134  830176  830177  830031     100
CTRIA3  10800067     1341083017610830177  830031     120
CTRIA3    800068     134  830032  830176  830031     100
CTRIA3  10800068     134  83003210830176  830031     120
CTRIA3    800069     134  830108  830176  830032     100
CTRIA3  10800069     1341083010810830176  830032     120
CTRIA3    800070     134  830176  830108  830098     100
CTRIA3  10800070     134108301761083010810830098     120
CTRIA3    800071     134   20002  830127   30051     100
CTRIA3  10800071     134100200021083012710030051     120
CTRIA3    800072     134  830127   20002  520015     100
CTRIA3  10800072     134108301271002000210520015     120
CTRIA3    800073     134  520015  830129  830127     100
CTRIA3  10800073     134105200151083012910830127     120
CTRIA3    800074     134  830129  520015  520016     100
CTRIA3  10800074     134108301291052001510520016     120
CTRIA3    800075     134  830129  520016  830131     100
CTRIA3  10800075     134108301291052001610830131     120
CTRIA3    800076     134  830131  520016  520017     100
CTRIA3  10800076     134108301311052001610520017     120
CTRIA3    800077     134  520017  830141  830131     100
CTRIA3  10800077     134105200171083014110830131     120
CTRIA3    800078     134  520018  830141  520017     100
CTRIA3  10800078     134105200181083014110520017     120
CTRIA3    800079     134  830141  520018  830140     100
CTRIA3  10800079     134108301411052001810830140     120
CTRIA3    800080     134  520019  830140  520018     100
CTRIA3  10800080     134105200191083014010520018     120
CTRIA3    800081     134  830140  520019  830139     100
CTRIA3  10800081     134108301401052001910830139     120
CTRIA3    800082     134  520020  830139  520019     100
CTRIA3  10800082     134105200201083013910520019     120
CTRIA3    800083     134  830139  520020  830138     100
CTRIA3  10800083     134108301391052002010830138     120
CTRIA3    800084     134  520023  830133  830136     100
CTRIA3  10800084     134105200231083013310830136     120
CTRIA3    800085     134  520023  830136  520022     100
CTRIA3  10800085     134105200231083013610520022     120
CTRIA3    800086     134  520021  830138  520020     100
CTRIA3  10800086     134105200211083013810520020     120
CTRIA3    800087     134  520022  830137  520021     100
CTRIA3  10800087     134105200221083013710520021     120
CTRIA3    800088     134  830136  830137  520022     100
CTRIA3  10800088     134108301361083013710520022     120
CTRIA3    800089     134  830137  830138  520021     100
CTRIA3  10800089     134108301371083013810520021     120
CTRIA3    800090     134  520023  830146  830133     100
CTRIA3  10800090     134105200231083014610830133     120
CTRIA3    800091     134  520024  830146  520023     100
CTRIA3  10800091     134105200241083014610520023     120
CTRIA3    800092     134  520025  830182  520024     100
CTRIA3  10800092     134105200251083018210520024     120
CTRIA3    800093     134  830145  520025  830144     100
CTRIA3  10800093     134108301451052002510830144     120
CTRIA3    800094     134  830146  520024  830182     100
CTRIA3  10800094     134108301461052002410830182     120
CTRIA3    800095     134  520025  830145  830182     100
CTRIA3  10800095     134105200251083014510830182     120
CTRIA3    800096     134  830182  830145  830146     100
CTRIA3  10800096     134108301821083014510830146     120
CTRIA3    800097     134  520026  830144  520025     100
CTRIA3  10800097     134105200261083014410520025     120
CTRIA3    800098     134  830144  520026  830143     100
CTRIA3  10800098     134108301441052002610830143     120
CTRIA3    800099     134  520027  830143  520026     100
CTRIA3  10800099     134105200271083014310520026     120
CTRIA3    800100     134  830143  520027  830142     100
CTRIA3  10800100     134108301431052002710830142     120
CTRIA3    800101     134  520028  830142  520027     100
CTRIA3  10800101     134105200281083014210520027     120
CTRIA3    800102     134  830142  520028  830069     100
CTRIA3  10800102     134108301421052002810830069     120
CTRIA3    800103     134  830017  830157  830016     100
CTRIA3  10800103     134  83001710830157  830016     120
CTRIA3    800104     134  830018  830157  830017     100
CTRIA3  10800104     134  83001810830157  830017     120
CTRIA3    800105     134  830079  830183  830018     100
CTRIA3  10800105     1341083007910830183  830018     120
CTRIA3    800106     134  830156  830079  830155     100
CTRIA3  10800106     134108301561083007910830155     120
CTRIA3    800107     134  830157  830018  830183     100
CTRIA3  10800107     13410830157  83001810830183     120
CTRIA3    800108     134  830079  830156  830183     100
CTRIA3  10800108     134108300791083015610830183     120
CTRIA3    800109     134  830183  830156  830157     100
CTRIA3  10800109     134108301831083015610830157     120
CTRIA3    800110     134  830078  830155  830079     100
CTRIA3  10800110     134108300781083015510830079     120
CTRIA3    800111     134  830077  830184  830078     100
CTRIA3  10800111     134108300771083018410830078     120
CTRIA3    800112     134  830155  830078  830184     100
CTRIA3  10800112     134108301551083007810830184     120
CTRIA3    800113     134  830077  830154  830184     100
CTRIA3  10800113     134108300771083015410830184     120
CTRIA3    800114     134  830184  830154  830155     100
CTRIA3  10800114     134108301841083015410830155     120
CTRIA3    800115     134  520029  830069  520028     100
CTRIA3  10800115     134105200291083006910520028     120
CTRIA3    800116     134  830147  830069  520029     100
CTRIA3  10800116     134108301471083006910520029     120
CTRIA3    800117     134  830069  830147  830070     100
CTRIA3  10800117     134108300691083014710830070     120
CTRIA3    800118     134  830148  830070  830147     100
CTRIA3  10800118     134108301481083007010830147     120
CTRIA3    800119     134  830070  830148  830071     100
CTRIA3  10800119     134108300701083014810830071     120
CTRIA3    800120     134  830149  830071  830148     100
CTRIA3  10800120     134108301491083007110830148     120
CTRIA3    800121     134  830071  830149  830072     100
CTRIA3  10800121     134108300711083014910830072     120
CTRIA3    800122     134  830150  830072  830149     100
CTRIA3  10800122     134108301501083007210830149     120
CTRIA3    800123     134  830072  830150  830073     100
CTRIA3  10800123     134108300721083015010830073     120
CTRIA3    800124     134  830152  830185  830151     100
CTRIA3  10800124     134108301521083018510830151     120
CTRIA3    800125     134  830074  830151  830185     100
CTRIA3  10800125     134108300741083015110830185     120
CTRIA3    800126     134  830152  830075  830185     100
CTRIA3  10800126     134108301521083007510830185     120
CTRIA3    800127     134  830185  830075  830074     100
CTRIA3  10800127     134108301851083007510830074     120
CTRIA3    800128     134  830153  830186  830152     100
CTRIA3  10800128     134108301531083018610830152     120
CTRIA3    800129     134  830153  830154  830077     100
CTRIA3  10800129     134108301531083015410830077     120
CTRIA3    800130     134  830076  830153  830077     100
CTRIA3  10800130     134108300761083015310830077     120
CTRIA3    800131     134  830075  830152  830186     100
CTRIA3  10800131     134108300751083015210830186     120
CTRIA3    800132     134  830153  830076  830186     100
CTRIA3  10800132     134108301531083007610830186     120
CTRIA3    800133     134  830186  830076  830075     100
CTRIA3  10800133     134108301861083007610830075     120
CTRIA3    800134     134  520030  830147  520029     100
CTRIA3  10800134     134105200301083014710520029     120
CTRIA3    800135     134  830158  830147  520030     100
CTRIA3  10800135     134108301581083014710520030     120
CTRIA3    800136     134  830147  830158  830148     100
CTRIA3  10800136     134108301471083015810830148     120
CTRIA3    800137     134  830016  830168  830015     100
CTRIA3  10800137     134  83001610830168  830015     120
CTRIA3    800138     134  830157  830168  830016     100
CTRIA3  10800138     1341083015710830168  830016     120
CTRIA3    800139     134  830168  830157  830167     100
CTRIA3  10800139     134108301681083015710830167     120
CTRIA3    800140     134  830159  830148  830158     100
CTRIA3  10800140     134108301591083014810830158     120
CTRIA3    800141     134  830148  830159  830149     100
CTRIA3  10800141     134108301481083015910830149     120
CTRIA3    800142     134  830160  830149  830159     100
CTRIA3  10800142     134108301601083014910830159     120
CTRIA3    800143     134  830149  830160  830150     100
CTRIA3  10800143     134108301491083016010830150     120
CTRIA3    800144     134  830161  830150  830160     100
CTRIA3  10800144     134108301611083015010830160     120
CTRIA3    800145     134  830150  830161  830151     100
CTRIA3  10800145     134108301501083016110830151     120
CTRIA3    800146     134  830162  830151  830161     100
CTRIA3  10800146     134108301621083015110830161     120
CTRIA3    800147     134  830151  830162  830152     100
CTRIA3  10800147     134108301511083016210830152     120
CTRIA3    800148     134  830163  830152  830162     100
CTRIA3  10800148     134108301631083015210830162     120
CTRIA3    800149     134  830152  830163  830153     100
CTRIA3  10800149     134108301521083016310830153     120
CTRIA3    800150     134  830164  830153  830163     100
CTRIA3  10800150     134108301641083015310830163     120
CTRIA3    800151     134  830153  830164  830154     100
CTRIA3  10800151     134108301531083016410830154     120
CTRIA3    800152     134  830165  830154  830164     100
CTRIA3  10800152     134108301651083015410830164     120
CTRIA3    800153     134  830154  830165  830155     100
CTRIA3  10800153     134108301541083016510830155     120
CTRIA3    800154     134  830166  830155  830165     100
CTRIA3  10800154     134108301661083015510830165     120
CTRIA3    800155     134  830155  830166  830156     100
CTRIA3  10800155     134108301551083016610830156     120
CTRIA3    800156     134  830167  830156  830166     100
CTRIA3  10800156     134108301671083015610830166     120
CTRIA3    800157     134  830156  830167  830157     100
CTRIA3  10800157     134108301561083016710830157     120
CTRIA3    800158     134  520031  830158  520030     100
CTRIA3  10800158     134105200311083015810520030     120
CTRIA3    800159     134   20014  830158  520031     100
CTRIA3  10800159     134100200141083015810520031     120
CTRIA3    800160     134  830158   20014  830159     100
CTRIA3  10800160     134108301581002001410830159     120
CTRIA3    800161     134   30003  830159   20014     100
CTRIA3  10800161     134100300031083015910020014     120
CTRIA3    800162     134  830159   30003  830160     100
CTRIA3  10800162     134108301591003000310830160     120
CTRIA3    800163     134  830160   30003   30004     100
CTRIA3  10800163     134108301601003000310030004     120
CTRIA3    800164     134  830015   30013   30002     100
CTRIA3  10800164     134  83001510030013   30002     120
CTRIA3    800165     134  830168   30013  830015     100
CTRIA3  10800165     1341083016810030013  830015     120
CTRIA3    800166     134   30013  830168   30012     100
CTRIA3  10800166     134100300131083016810030012     120
CTRIA3    800167     134  830167   30012  830168     100
CTRIA3  10800167     134108301671003001210830168     120
CTRIA3    800168     134   30012  830167   30011     100
CTRIA3  10800168     134100300121083016710030011     120
CTRIA3    800169     134  830166   30011  830167     100
CTRIA3  10800169     134108301661003001110830167     120
CTRIA3    800170     134   30011  830166   30010     100
CTRIA3  10800170     134100300111083016610030010     120
CTRIA3    800171     134  830165   30010  830166     100
CTRIA3  10800171     134108301651003001010830166     120
CTRIA3    800172     134   30010  830165   30009     100
CTRIA3  10800172     134100300101083016510030009     120
CTRIA3    800173     134  830164   30009  830165     100
CTRIA3  10800173     134108301641003000910830165     120
CTRIA3    800174     134   30009  830164   30008     100
CTRIA3  10800174     134100300091083016410030008     120
CTRIA3    800175     134  830163   30008  830164     100
CTRIA3  10800175     134108301631003000810830164     120
CTRIA3    800176     134   30008  830163   30007     100
CTRIA3  10800176     134100300081083016310030007     120
CTRIA3    800177     134  830162   30007  830163     100
CTRIA3  10800177     134108301621003000710830163     120
CTRIA3    800178     134   30007  830162   30006     100
CTRIA3  10800178     134100300071083016210030006     120
CTRIA3    800179     134  830161   30006  830162     100
CTRIA3  10800179     134108301611003000610830162     120
CTRIA3    800180     134  830161  830160   30004     100
CTRIA3  10800180     134108301611083016010030004     120
CTRIA3    800181     134   30005  830161   30004     100
CTRIA3  10800181     134100300051083016110030004     120
CTRIA3    800182     134  830161   30005   30006     100
CTRIA3  10800182     134108301611003000510030006     120
CTRIA3    800183     134  830121  830135  830112     100
CTRIA3  10800183     134108301211083013510830112     120
CTRIA3    800184     134  830122  830191  830121     100
CTRIA3  10800184     134108301221083019110830121     120
CTRIA3    800185     134  830123  830190  830122     100
CTRIA3  10800185     134108301231083019010830122     120
CTRIA3    800186     134  830124  830187  830123     100
CTRIA3  10800186     134108301241083018710830123     120
CTRIA3    800187     134  830125  830188  830124     100
CTRIA3  10800187     134108301251083018810830124     120
CTRIA3    800188     134  830126  830189  830125     100
CTRIA3  10800188     134108301261083018910830125     120
CTRIA3    800189     134  830126  830109  830134     100
CTRIA3  10800189     134108301261083010910830134     120
CTRIA3    800190     134  830134  830133  830146     100
CTRIA3  10800190     134108301341083013310830146     120
CTRIA3    800191     134  830126  830134  830189     100
CTRIA3  10800191     134108301261083013410830189     120
CTRIA3    800192     134  830189  830134  830146     100
CTRIA3  10800192     134108301891083013410830146     120
CTRIA3    800193     134  830145  830189  830146     100
CTRIA3  10800193     134108301451083018910830146     120
CTRIA3    800194     134  830144  830188  830145     100
CTRIA3  10800194     134108301441083018810830145     120
CTRIA3    800195     134  830143  830187  830144     100
CTRIA3  10800195     134108301431083018710830144     120
CTRIA3    800196     134  830142  830190  830143     100
CTRIA3  10800196     134108301421083019010830143     120
CTRIA3    800197     134  830069  830191  830142     100
CTRIA3  10800197     134108300691083019110830142     120
CTRIA3    800198     134  830135  830191  830069     100
CTRIA3  10800198     134108301351083019110830069     120
CTRIA3    800199     134  830135  830121  830191     100
CTRIA3  10800199     134108301351083012110830191     120
CTRIA3    800200     134  830191  830122  830190     100
CTRIA3  10800200     134108301911083012210830190     120
CTRIA3    800201     134  830190  830123  830187     100
CTRIA3  10800201     134108301901083012310830187     120
CTRIA3    800202     134  830187  830124  830188     100
CTRIA3  10800202     134108301871083012410830188     120
CTRIA3    800203     134  830188  830125  830189     100
CTRIA3  10800203     134108301881083012510830189     120
CTRIA3    800204     134  830188  830189  830145     100
CTRIA3  10800204     134108301881083018910830145     120
CTRIA3    800205     134  830132  830120  830106     100
CTRIA3  10800205     134108301321083012010830106     120
CTRIA3    800206     134  830131  830200  830132     100
CTRIA3  10800206     134108301311083020010830132     120
CTRIA3    800207     134  830141  830200  830131     100
CTRIA3  10800207     134108301411083020010830131     120
CTRIA3    800208     134  830140  830192  830141     100
CTRIA3  10800208     134108301401083019210830141     120
CTRIA3    800209     134  830139  830193  830140     100
CTRIA3  10800209     134108301391083019310830140     120
CTRIA3    800210     134  830138  830194  830139     100
CTRIA3  10800210     134108301381083019410830139     120
CTRIA3    800211     134  830137  830195  830138     100
CTRIA3  10800211     134108301371083019510830138     120
CTRIA3    800212     134  830136  830196  830137     100
CTRIA3  10800212     134108301361083019610830137     120
CTRIA3    800213     134  830136  830133  830134     100
CTRIA3  10800213     134108301361083013310830134     120
CTRIA3    800214     134  830134  830109  830114     100
CTRIA3  10800214     134108301341083010910830114     120
CTRIA3    800215     134  830115  830196  830114     100
CTRIA3  10800215     134108301151083019610830114     120
CTRIA3    800216     134  830116  830195  830115     100
CTRIA3  10800216     134108301161083019510830115     120
CTRIA3    800217     134  830117  830197  830116     100
CTRIA3  10800217     134108301171083019710830116     120
CTRIA3    800218     134  830118  830198  830117     100
CTRIA3  10800218     134108301181083019810830117     120
CTRIA3    800219     134  830119  830199  830118     100
CTRIA3  10800219     134108301191083019910830118     120
CTRIA3    800220     134  830120  830200  830119     100
CTRIA3  10800220     134108301201083020010830119     120
CTRIA3    800221     134  830132  830200  830120     100
CTRIA3  10800221     134108301321083020010830120     120
CTRIA3    800222     134  830129  830131  830132     100
CTRIA3  10800222     134108301291083013110830132     120
CTRIA3    800223     134  830129  830132  830130     100
CTRIA3  10800223     134108301291083013210830130     120
CTRIA3    800224     134  830103  830130  830106     100
CTRIA3  10800224     134108301031083013010830106     120
CTRIA3    800225     134  830106  830130  830132     100
CTRIA3  10800225     134108301061083013010830132     120
CTRIA3    800226     134  830130  830127  830129     100
CTRIA3  10800226     134108301301083012710830129     120
CTRIA3    800227     134  830127  830130  830128     100
CTRIA3  10800227     134108301271083013010830128     120
CTRIA3    800228     134  830103  830128  830130     100
CTRIA3  10800228     134108301031083012810830130     120
CTRIA3    800229     134  830128  830103  830100     100
CTRIA3  10800229     134108301281083010310830100     120
CTRIA3    800230     134  830128   30051  830127     100
CTRIA3  10800230     134108301281003005110830127     120
CTRIA3    800231     134   30051  830128   30050     100
CTRIA3  10800231     134100300511083012810030050     120
CTRIA3    800232     134  830100   30050  830128     100
CTRIA3  10800232     134108301001003005010830128     120
CTRIA3    800233     134   30050  830100   30049     100
CTRIA3  10800233     134100300501083010010030049     120
CTRIA3    800234     134  830070  830135  830069     100
CTRIA3  10800234     134108300701083013510830069     120
CTRIA3    800235     134  830071  830201  830070     100
CTRIA3  10800235     134108300711083020110830070     120
CTRIA3    800236     134  830072  830202  830071     100
CTRIA3  10800236     134108300721083020210830071     120
CTRIA3    800237     134  830073  830203  830072     100
CTRIA3  10800237     134108300731083020310830072     120
CTRIA3    800238     134  830074  830204  830073     100
CTRIA3  10800238     134108300741083020410830073     120
CTRIA3    800239     134  830075  830205  830074     100
CTRIA3  10800239     134108300751083020510830074     120
CTRIA3    800240     134  830076  830206  830075     100
CTRIA3  10800240     134108300761083020610830075     120
CTRIA3    800241     134  830077  830207  830076     100
CTRIA3  10800241     134108300771083020710830076     120
CTRIA3    800242     134  830078  830208  830077     100
CTRIA3  10800242     134108300781083020810830077     120
CTRIA3    800243     134  830078  830020  830208     100
CTRIA3  10800243     13410830078  83002010830208     120
CTRIA3    800244     134  830019  830079  830018     100
CTRIA3  10800244     134  83001910830079  830018     120
CTRIA3    800245     134  830020  830078  830019     100
CTRIA3  10800245     134  83002010830078  830019     120
CTRIA3    800246     134  830019  830078  830079     100
CTRIA3  10800246     134  8300191083007810830079     120
CTRIA3    800247     134  830021  830208  830020     100
CTRIA3  10800247     134  83002110830208  830020     120
CTRIA3    800248     134  830077  830208  830207     100
CTRIA3  10800248     134108300771083020810830207     120
CTRIA3    800249     134  830207  830208  830021     100
CTRIA3  10800249     1341083020710830208  830021     120
CTRIA3    800250     134  830022  830207  830021     100
CTRIA3  10800250     134  83002210830207  830021     120
CTRIA3    800251     134  830023  830206  830022     100
CTRIA3  10800251     134  83002310830206  830022     120
CTRIA3    800252     134  830024  830209  830023     100
CTRIA3  10800252     134  83002410830209  830023     120
CTRIA3    800253     134  830025  830210  830024     100
CTRIA3  10800253     134  83002510830210  830024     120
CTRIA3    800254     134  830111  830210  830025     100
CTRIA3  10800254     1341083011110830210  830025     120
CTRIA3    800255     134  830091  830211  830111     100
CTRIA3  10800255     134108300911083021110830111     120
CTRIA3    800256     134  830113  830212  830091     100
CTRIA3  10800256     134108301131083021210830091     120
CTRIA3    800257     134  830112  830226  830113     100
CTRIA3  10800257     134108301121083022610830113     120
CTRIA3    800258     134  830201  830071  830202     100
CTRIA3  10800258     134108302011083007110830202     120
CTRIA3    800259     134  830203  830073  830204     100
CTRIA3  10800259     134108302031083007310830204     120
CTRIA3    800260     134  830204  830074  830205     100
CTRIA3  10800260     134108302041083007410830205     120
CTRIA3    800261     134  830205  830075  830206     100
CTRIA3  10800261     134108302051083007510830206     120
CTRIA3    800262     134  830206  830076  830207     100
CTRIA3  10800262     134108302061083007610830207     120
CTRIA3    800263     134  830206  830207  830022     100
CTRIA3  10800263     1341083020610830207  830022     120
CTRIA3    800264     134  830135  830201  830112     100
CTRIA3  10800264     134108301351083020110830112     120
CTRIA3    800265     134  830201  830135  830070     100
CTRIA3  10800265     134108302011083013510830070     120
CTRIA3    800266     134  830092  830113  830091     100
CTRIA3  10800266     134108300921083011310830091     120
CTRIA3    800267     134  830093  830213  830092     100
CTRIA3  10800267     134108300931083021310830092     120
CTRIA3    800268     134  830094  830214  830093     100
CTRIA3  10800268     134108300941083021410830093     120
CTRIA3    800269     134  830095  830215  830094     100
CTRIA3  10800269     134108300951083021510830094     120
CTRIA3    800270     134  830096  830216  830095     100
CTRIA3  10800270     134108300961083021610830095     120
CTRIA3    800271     134  830097  830217  830096     100
CTRIA3  10800271     134108300971083021710830096     120
CTRIA3    800272     134  830098  830218  830097     100
CTRIA3  10800272     134108300981083021810830097     120
CTRIA3    800273     134  830098  830083  830110     100
CTRIA3  10800273     134108300981083008310830110     120
CTRIA3    800274     134  830110  830109  830126     100
CTRIA3  10800274     134108301101083010910830126     120
CTRIA3    800275     134  830098  830110  830218     100
CTRIA3  10800275     134108300981083011010830218     120
CTRIA3    800276     134  830218  830110  830126     100
CTRIA3  10800276     134108302181083011010830126     120
CTRIA3    800277     134  830125  830218  830126     100
CTRIA3  10800277     134108301251083021810830126     120
CTRIA3    800278     134  830097  830218  830217     100
CTRIA3  10800278     134108300971083021810830217     120
CTRIA3    800279     134  830217  830218  830125     100
CTRIA3  10800279     134108302171083021810830125     120
CTRIA3    800280     134  830124  830217  830125     100
CTRIA3  10800280     134108301241083021710830125     120
CTRIA3    800281     134  830096  830217  830216     100
CTRIA3  10800281     134108300961083021710830216     120
CTRIA3    800282     134  830216  830217  830124     100
CTRIA3  10800282     134108302161083021710830124     120
CTRIA3    800283     134  830123  830216  830124     100
CTRIA3  10800283     134108301231083021610830124     120
CTRIA3    800284     134  830095  830216  830215     100
CTRIA3  10800284     134108300951083021610830215     120
CTRIA3    800285     134  830215  830216  830123     100
CTRIA3  10800285     134108302151083021610830123     120
CTRIA3    800286     134  830122  830215  830123     100
CTRIA3  10800286     134108301221083021510830123     120
CTRIA3    800287     134  830094  830215  830214     100
CTRIA3  10800287     134108300941083021510830214     120
CTRIA3    800288     134  830214  830215  830122     100
CTRIA3  10800288     134108302141083021510830122     120
CTRIA3    800289     134  830121  830214  830122     100
CTRIA3  10800289     134108301211083021410830122     120
CTRIA3    800290     134  830093  830214  830213     100
CTRIA3  10800290     134108300931083021410830213     120
CTRIA3    800291     134  830213  830214  830121     100
CTRIA3  10800291     134108302131083021410830121     120
CTRIA3    800292     134  830112  830213  830121     100
CTRIA3  10800292     134108301121083021310830121     120
CTRIA3    800293     134  830113  830213  830112     100
CTRIA3  10800293     134108301131083021310830112     120
CTRIA3    800294     134  830213  830113  830092     100
CTRIA3  10800294     134108302131083011310830092     120
CTRIA3    800295     134  830107  830090  830082     100
CTRIA3  10800295     134108301071083009010830082     120
CTRIA3    800296     134  830106  830219  830107     100
CTRIA3  10800296     134108301061083021910830107     120
CTRIA3    800297     134  830120  830219  830106     100
CTRIA3  10800297     134108301201083021910830106     120
CTRIA3    800298     134  830119  830220  830120     100
CTRIA3  10800298     134108301191083022010830120     120
CTRIA3    800299     134  830118  830221  830119     100
CTRIA3  10800299     134108301181083022110830119     120
CTRIA3    800300     134  830117  830222  830118     100
CTRIA3  10800300     134108301171083022210830118     120
CTRIA3    800301     134  830116  830223  830117     100
CTRIA3  10800301     134108301161083022310830117     120
CTRIA3    800302     134  830115  830224  830116     100
CTRIA3  10800302     134108301151083022410830116     120
CTRIA3    800303     134  830114  830225  830115     100
CTRIA3  10800303     134108301141083022510830115     120
CTRIA3    800304     134  830114  830109  830110     100
CTRIA3  10800304     134108301141083010910830110     120
CTRIA3    800305     134  830110  830083  830084     100
CTRIA3  10800305     134108301101083008310830084     120
CTRIA3    800306     134  830114  830110  830225     100
CTRIA3  10800306     134108301141083011010830225     120
CTRIA3    800307     134  830225  830110  830084     100
CTRIA3  10800307     134108302251083011010830084     120
CTRIA3    800308     134  830085  830225  830084     100
CTRIA3  10800308     134108300851083022510830084     120
CTRIA3    800309     134  830115  830225  830224     100
CTRIA3  10800309     134108301151083022510830224     120
CTRIA3    800310     134  830224  830225  830085     100
CTRIA3  10800310     134108302241083022510830085     120
CTRIA3    800311     134  830086  830224  830085     100
CTRIA3  10800311     134108300861083022410830085     120
CTRIA3    800312     134  830116  830224  830223     100
CTRIA3  10800312     134108301161083022410830223     120
CTRIA3    800313     134  830223  830224  830086     100
CTRIA3  10800313     134108302231083022410830086     120
CTRIA3    800314     134  830087  830223  830086     100
CTRIA3  10800314     134108300871083022310830086     120
CTRIA3    800315     134  830117  830223  830222     100
CTRIA3  10800315     134108301171083022310830222     120
CTRIA3    800316     134  830222  830223  830087     100
CTRIA3  10800316     134108302221083022310830087     120
CTRIA3    800317     134  830088  830222  830087     100
CTRIA3  10800317     134108300881083022210830087     120
CTRIA3    800318     134  830118  830222  830221     100
CTRIA3  10800318     134108301181083022210830221     120
CTRIA3    800319     134  830221  830222  830088     100
CTRIA3  10800319     134108302211083022210830088     120
CTRIA3    800320     134  830089  830221  830088     100
CTRIA3  10800320     134108300891083022110830088     120
CTRIA3    800321     134  830219  830120  830220     100
CTRIA3  10800321     134108302191083012010830220     120
CTRIA3    800322     134  830220  830119  830221     100
CTRIA3  10800322     134108302201083011910830221     120
CTRIA3    800323     134  830221  830089  830220     100
CTRIA3  10800323     134108302211083008910830220     120
CTRIA3    800324     134  830220  830089  830219     100
CTRIA3  10800324     134108302201083008910830219     120
CTRIA3    800325     134  830090  830219  830089     100
CTRIA3  10800325     134108300901083021910830089     120
CTRIA3    800326     134  830219  830090  830107     100
CTRIA3  10800326     134108302191083009010830107     120
CTRIA3    800327     134  830103  830106  830107     100
CTRIA3  10800327     134108301031083010610830107     120
CTRIA3    800328     134  830103  830107  830104     100
CTRIA3  10800328     134108301031083010710830104     120
CTRIA3    800329     134  830081  830104  830082     100
CTRIA3  10800329     134108300811083010410830082     120
CTRIA3    800330     134  830082  830104  830107     100
CTRIA3  10800330     134108300821083010410830107     120
CTRIA3    800331     134  830104  830100  830103     100
CTRIA3  10800331     134108301041083010010830103     120
CTRIA3    800332     134  830081  830101  830104     100
CTRIA3  10800332     134108300811083010110830104     120
CTRIA3    800333     134  830080  830101  830081     100
CTRIA3  10800333     134108300801083010110830081     120
CTRIA3    800334     134  830100  830104  830101     100
CTRIA3  10800334     134108301001083010410830101     120
CTRIA3    800335     134  830101   30049  830100     100
CTRIA3  10800335     134108301011003004910830100     120
CTRIA3    800336     134  830080   30048  830101     100
CTRIA3  10800336     134108300801003004810830101     120
CTRIA3    800337     134   30047   30048  830080     100
CTRIA3  10800337     134100300471003004810830080     120
CTRIA3    800338     134   30049  830101   30048     100
CTRIA3  10800338     134100300491083010110030048     120
CTRIA3    800339     134  830180  830111  830026     100
CTRIA3  10800339     1341083018010830111  830026     120
CTRIA3    800340     134  830028  830179  830181     100
CTRIA3  10800340     134  8300281083017910830181     120
CTRIA3    800341     134  830181  830179  830094     100
CTRIA3  10800341     134108301811083017910830094     120
CTRIA3    800342     134  830180  830027  830181     100
CTRIA3  10800342     13410830180  83002710830181     120
CTRIA3    800343     134  830181  830093  830180     100
CTRIA3  10800343     134108301811083009310830180     120
CTRIA3    800344     134  830188  830144  830187     100
CTRIA3  10800344     134108301881083014410830187     120
CTRIA3    800345     134  830187  830143  830190     100
CTRIA3  10800345     134108301871083014310830190     120
CTRIA3    800346     134  830190  830142  830191     100
CTRIA3  10800346     134108301901083014210830191     120
CTRIA3    800347     134  830200  830141  830192     100
CTRIA3  10800347     134108302001083014110830192     120
CTRIA3    800348     134  830192  830140  830193     100
CTRIA3  10800348     134108301921083014010830193     120
CTRIA3    800349     134  830193  830139  830194     100
CTRIA3  10800349     134108301931083013910830194     120
CTRIA3    800350     134  830194  830138  830195     100
CTRIA3  10800350     134108301941083013810830195     120
CTRIA3    800351     134  830195  830137  830196     100
CTRIA3  10800351     134108301951083013710830196     120
CTRIA3    800352     134  830196  830136  830134     100
CTRIA3  10800352     134108301961083013610830134     120
CTRIA3    800353     134  830196  830134  830114     100
CTRIA3  10800353     134108301961083013410830114     120
CTRIA3    800354     134  830195  830196  830115     100
CTRIA3  10800354     134108301951083019610830115     120
CTRIA3    800355     134  830195  830116  830197     100
CTRIA3  10800355     134108301951083011610830197     120
CTRIA3    800356     134  830197  830117  830198     100
CTRIA3  10800356     134108301971083011710830198     120
CTRIA3    800357     134  830198  830118  830199     100
CTRIA3  10800357     134108301981083011810830199     120
CTRIA3    800358     134  830199  830119  830200     100
CTRIA3  10800358     134108301991083011910830200     120
CTRIA3    800359     134  830206  830023  830209     100
CTRIA3  10800359     13410830206  83002310830209     120
CTRIA3    800360     134  830209  830024  830210     100
CTRIA3  10800360     13410830209  83002410830210     120
CTRIA3    800361     134  830210  830111  830211     100
CTRIA3  10800361     134108302101083011110830211     120
CTRIA3    800362     134  830211  830091  830212     100
CTRIA3  10800362     134108302111083009110830212     120
CTRIA3    800363     134  830229  830226  830202     100
CTRIA3  10800363     134108302291083022610830202     120
CTRIA3    800364     134  830229  830212  830226     100
CTRIA3  10800364     134108302291083021210830226     120
CTRIA3    800365     134  830229  830227  830212     100
CTRIA3  10800365     134108302291083022710830212     120
CTRIA3    800366     134  830227  830203  830204     100
CTRIA3  10800366     134108302271083020310830204     120
CTRIA3    800367     134  830204  830228  830227     100
CTRIA3  10800367     134108302041083022810830227     120
CTRIA3    800368     134  830228  830204  830205     100
CTRIA3  10800368     134108302281083020410830205     120
CTRIA3    800369     134  830227  830211  830212     100
CTRIA3  10800369     134108302271083021110830212     120
CTRIA3    800370     134  830211  830227  830228     100
CTRIA3  10800370     134108302111083022710830228     120
CTRIA3    800371     134  830228  830210  830211     100
CTRIA3  10800371     134108302281083021010830211     120
CTRIA3    800372     134  830210  830228  830209     100
CTRIA3  10800372     134108302101083022810830209     120
CTRIA3    800373     134  830229  830072  830203     100
CTRIA3  10800373     134108302291083007210830203     120
CTRIA3    800374     134  830072  830229  830202     100
CTRIA3  10800374     134108300721083022910830202     120
CTRIA3    800375     134  830113  830226  830212     100
CTRIA3  10800375     134108301131083022610830212     120
CTRIA3    800376     134  830201  830202  830112     100
CTRIA3  10800376     134108302011083020210830112     120
CTRIA3    800377     134  830112  830202  830226     100
CTRIA3  10800377     134108301121083020210830226     120
CTRIA3    800378     134  830206  830209  830205     100
CTRIA3  10800378     134108302061083020910830205     120
CTRIA3    800379     134  830205  830209  830228     100
CTRIA3  10800379     134108302051083020910830228     120
CTRIA3    800380     134  830192  830199  830200     100
CTRIA3  10800380     134108301921083019910830200     120
CTRIA3    800381     134  830199  830192  830193     100
CTRIA3  10800381     134108301991083019210830193     120
CTRIA3    800382     134  830193  830198  830199     100
CTRIA3  10800382     134108301931083019810830199     120
CTRIA3    800383     134  830198  830193  830194     100
CTRIA3  10800383     134108301981083019310830194     120
CTRIA3    800384     134  830194  830197  830198     100
CTRIA3  10800384     134108301941083019710830198     120
CTRIA3    800385     134  830197  830194  830195     100
CTRIA3  10800385     134108301971083019410830195     120
CTRIA3    800386     134  830227  830229  830203     100
CTRIA3  10800386     134108302271083022910830203     120
CTRIA3    800387     134  830151  830074  830150     100
CTRIA3  10800387     134108301511083007410830150     120
CTRIA3    800388     134  830073  830150  830074     100
CTRIA3  10800388     134108300731083015010830074     120
