CTRIA3    330001     112   10055  110099  309901     103
CTRIA3  10330001     112100100551011009910309901     123
CTRIA3    330002     112  310801  110108   10001     103
CTRIA3  10330002     112103108011011010810010001     123
CTRIA3    330003     112   10055  309901  210099     103
CTRIA3  10330003     112100100551030990110210099     123
CTRIA3    330004     112  210108  310801   10001     103
CTRIA3  10330004     112102101081031080110010001     123
CTRIA3    330005     112  310301  310201  110102     103
CTRIA3  10330005     112103103011031020110110102     123
CTRIA3    330006     112  110102  110103  310301     103
CTRIA3  10330006     112101101021011010310310301     123
CTRIA3    330007     112  110103  110104  310401     103
CTRIA3  10330007     112101101031011010410310401     123
CTRIA3    330008     112  310301  110103  310401     103
CTRIA3  10330008     112103103011011010310310401     123
CTRIA3    330009     112  110100  309901  110099     103
CTRIA3  10330009     112101101001030990110110099     123
CTRIA3    330010     112  310001  309901  110100     103
CTRIA3  10330010     112103100011030990110110100     123
CTRIA3    330011     112  110105  310401  110104     103
CTRIA3  10330011     112101101051031040110110104     123
CTRIA3    330012     112  310501  310401  110105     103
CTRIA3  10330012     112103105011031040110110105     123
CTRIA3    330013     112  310601  310501  110105     103
CTRIA3  10330013     112103106011031050110110105     123
CTRIA3    330014     112  110105  110106  310601     103
CTRIA3  10330014     112101101051011010610310601     123
CTRIA3    330015     112  110108  310801  110107     103
CTRIA3  10330015     112101101081031080110110107     123
CTRIA3    330016     112  310801  310701  110107     103
CTRIA3  10330016     112103108011031070110110107     123
CTRIA3    330017     112  310601  110106  110107     103
CTRIA3  10330017     112103106011011010610110107     123
CTRIA3    330018     112  110107  310701  310601     103
CTRIA3  10330018     112101101071031070110310601     123
CTRIA3    330019     112  110101  110102  310201     103
CTRIA3  10330019     112101101011011010210310201     123
CTRIA3    330020     112  310201  310101  110101     103
CTRIA3  10330020     112103102011031010110110101     123
CTRIA3    330021     112  310001  110100  110101     103
CTRIA3  10330021     112103100011011010010110101     123
CTRIA3    330022     112  110101  310101  310001     103
CTRIA3  10330022     112101101011031010110310001     123
CTRIA3    330023     112  210108  310701  310801     103
CTRIA3  10330023     112102101081031070110310801     123
CTRIA3    330024     112  210108  210107  310701     103
CTRIA3  10330024     112102101081021010710310701     123
CTRIA3    330025     112  310601  310701  210106     103
CTRIA3  10330025     112103106011031070110210106     123
CTRIA3    330026     112  310701  210107  210106     103
CTRIA3  10330026     112103107011021010710210106     123
CTRIA3    330027     112  210105  310501  310601     103
CTRIA3  10330027     112102101051031050110310601     123
CTRIA3    330028     112  310601  210106  210105     103
CTRIA3  10330028     112103106011021010610210105     123
CTRIA3    330029     112  210104  310401  310501     103
CTRIA3  10330029     112102101041031040110310501     123
CTRIA3    330030     112  310501  210105  210104     103
CTRIA3  10330030     112103105011021010510210104     123
CTRIA3    330031     112  310301  310401  210104     103
CTRIA3  10330031     112103103011031040110210104     123
CTRIA3    330032     112  210104  210103  310301     103
CTRIA3  10330032     112102101041021010310310301     123
CTRIA3    330033     112  210102  310201  310301     103
CTRIA3  10330033     112102101021031020110310301     123
CTRIA3    330034     112  310301  210103  210102     103
CTRIA3  10330034     112103103011021010310210102     123
CTRIA3    330035     112  210100  309901  310001     103
CTRIA3  10330035     112102101001030990110310001     123
CTRIA3    330036     112  210100  210099  309901     103
CTRIA3  10330036     112102101001021009910309901     123
CTRIA3    330037     112  210101  310101  310201     103
CTRIA3  10330037     112102101011031010110310201     123
CTRIA3    330038     112  310201  210102  210101     103
CTRIA3  10330038     112103102011021010210210101     123
CTRIA3    330039     112  310001  310101  210101     103
CTRIA3  10330039     112103100011031010110210101     123
CTRIA3    330040     112  210101  210100  310001     103
CTRIA3  10330040     112102101011021010010310001     123
CTRIA3    330041     112  304601  110046   10002     103
CTRIA3  10330041     112103046011011004610010002     123
CTRIA3    330042     112   10045  110054  305401     103
CTRIA3  10330042     112100100451011005410305401     123
CTRIA3    330043     112  210046  304601   10002     103
CTRIA3  10330043     112102100461030460110010002     123
CTRIA3    330044     112   10045  305401  210054     103
CTRIA3  10330044     112100100451030540110210054     123
CTRIA3    330045     112  304801  304901  110048     103
CTRIA3  10330045     112103048011030490110110048     123
CTRIA3    330046     112  110048  304901  110049     103
CTRIA3  10330046     112101100481030490110110049     123
CTRIA3    330047     112  304601  304701  110047     103
CTRIA3  10330047     112103046011030470110110047     123
CTRIA3    330048     112  110046  304601  110047     103
CTRIA3  10330048     112101100461030460110110047     123
CTRIA3    330049     112  110047  304701  304801     103
CTRIA3  10330049     112101100471030470110304801     123
CTRIA3    330050     112  304801  110048  110047     103
CTRIA3  10330050     112103048011011004810110047     123
CTRIA3    330051     112  110050  304901  305001     103
CTRIA3  10330051     112101100501030490110305001     123
CTRIA3    330052     112  110049  304901  110050     103
CTRIA3  10330052     112101100491030490110110050     123
CTRIA3    330053     112  110051  110050  305101     103
CTRIA3  10330053     112101100511011005010305101     123
CTRIA3    330054     112  305101  110050  305001     103
CTRIA3  10330054     112103051011011005010305001     123
CTRIA3    330055     112  110052  110051  305101     103
CTRIA3  10330055     112101100521011005110305101     123
CTRIA3    330056     112  305101  305201  110052     103
CTRIA3  10330056     112103051011030520110110052     123
CTRIA3    330057     112  110052  305201  305301     103
CTRIA3  10330057     112101100521030520110305301     123
CTRIA3    330058     112  305301  110053  110052     103
CTRIA3  10330058     112103053011011005310110052     123
CTRIA3    330059     112  110054  110053  305301     103
CTRIA3  10330059     112101100541011005310305301     123
CTRIA3    330060     112  305301  305401  110054     103
CTRIA3  10330060     112103053011030540110110054     123
CTRIA3    330061     112  305201  305101  210051     103
CTRIA3  10330061     112103052011030510110210051     123
CTRIA3    330062     112  210051  210052  305201     103
CTRIA3  10330062     112102100511021005210305201     123
CTRIA3    330063     112  210051  305101  305001     103
CTRIA3  10330063     112102100511030510110305001     123
CTRIA3    330064     112  305001  210050  210051     103
CTRIA3  10330064     112103050011021005010210051     123
CTRIA3    330065     112  305001  304901  210049     103
CTRIA3  10330065     112103050011030490110210049     123
CTRIA3    330066     112  210049  210050  305001     103
CTRIA3  10330066     112102100491021005010305001     123
CTRIA3    330067     112  210053  305301  305201     103
CTRIA3  10330067     112102100531030530110305201     123
CTRIA3    330068     112  305201  210052  210053     103
CTRIA3  10330068     112103052011021005210210053     123
CTRIA3    330069     112  305401  305301  210053     103
CTRIA3  10330069     112103054011030530110210053     123
CTRIA3    330070     112  210053  210054  305401     103
CTRIA3  10330070     112102100531021005410305401     123
CTRIA3    330071     112  210048  304901  304801     103
CTRIA3  10330071     112102100481030490110304801     123
CTRIA3    330072     112  210048  210049  304901     103
CTRIA3  10330072     112102100481021004910304901     123
CTRIA3    330073     112  210047  304701  304601     103
CTRIA3  10330073     112102100471030470110304601     123
CTRIA3    330074     112  304601  210046  210047     103
CTRIA3  10330074     112103046011021004610210047     123
CTRIA3    330075     112  304801  304701  210047     103
CTRIA3  10330075     112103048011030470110210047     123
CTRIA3    330076     112  210047  210048  304801     103
CTRIA3  10330076     112102100471021004810304801     123
CTRIA3    330077     112  110113  110112  311201     701
CTRIA3  10330077     112101101131011011210311201     721
CTRIA3    330078     112  311201  311301  110113     701
CTRIA3  10330078     112103112011031130110110113     721
CTRIA3    330079     112  210114  210050  305001     701
CTRIA3  10330079     112102101141021005010305001     721
CTRIA3    330080     112  305001  311401  210114     701
CTRIA3  10330080     112103050011031140110210114     721
CTRIA3    330081     112  110114  311401  305001     701
CTRIA3  10330081     112101101141031140110305001     721
CTRIA3    330082     112  305001  110050  110114     701
CTRIA3  10330082     112103050011011005010110114     721
CTRIA3    330083     112  110114  110113  311301     701
CTRIA3  10330083     112101101141011011310311301     721
CTRIA3    330084     112  311301  311401  110114     701
CTRIA3  10330084     112103113011031140110110114     721
CTRIA3    330085     112  210113  311301  311201     701
CTRIA3  10330085     112102101131031130110311201     721
CTRIA3    330086     112  311201  210112  210113     701
CTRIA3  10330086     112103112011021011210210113     721
CTRIA3    330087     112  210113  210114  311401     701
CTRIA3  10330087     112102101131021011410311401     721
CTRIA3    330088     112  210113  311401  311301     701
CTRIA3  10330088     112102101131031140110311301     721
CTRIA3    330089     112  311001  110109  110110     702
CTRIA3  10330089     112103110011011010910110110     722
CTRIA3    330090     112  310901  110109  311001     702
CTRIA3  10330090     112103109011011010910311001     722
CTRIA3    330091     112  305001  311101  110111     702
CTRIA3  10330091     112103050011031110110110111     722
CTRIA3    330092     112  110111  110050  305001     702
CTRIA3  10330092     112101101111011005010305001     722
CTRIA3    330093     112  110111  311001  110110     702
CTRIA3  10330093     112101101111031100110110110     722
CTRIA3    330094     112  311101  311001  110111     702
CTRIA3  10330094     112103111011031100110110111     722
CTRIA3    330095     112  210111  311101  305001     702
CTRIA3  10330095     112102101111031110110305001     722
CTRIA3    330096     112  305001  210050  210111     702
CTRIA3  10330096     112103050011021005010210111     722
CTRIA3    330097     112  310901  311001  210110     702
CTRIA3  10330097     112103109011031100110210110     722
CTRIA3    330098     112  210110  210109  310901     702
CTRIA3  10330098     112102101101021010910310901     722
CTRIA3    330099     112  210110  311001  311101     702
CTRIA3  10330099     112102101101031100110311101     722
CTRIA3    330100     112  311101  210111  210110     702
CTRIA3  10330100     112103111011021011110210110     722
