CTRIA3    500001     124  420052  420064  420051     102
CTRIA3  10500001     124104200521042006410420051     122
CTRIA3    500002     124  420030   20033  420092     102
CTRIA3  10500002     124104200301002003310420092     122
CTRIA3    500003     124  420031   20033  420030     102
CTRIA3  10500003     124104200311002003310420030     122
CTRIA3    500004     124   20033  420031   20014     102
CTRIA3  10500004     124100200331042003110020014     122
CTRIA3    500005     124  420029  420092  420091     102
CTRIA3  10500005     124104200291042009210420091     122
CTRIA3    500006     124  420092  420029  420030     102
CTRIA3  10500006     124104200921042002910420030     122
CTRIA3    500007     124  420091  420028  420029     102
CTRIA3  10500007     124104200911042002810420029     122
CTRIA3    500008     124  420028  420091  420085     102
CTRIA3  10500008     124104200281042009110420085     122
CTRIA3    500009     124  420085  420027  420028     102
CTRIA3  10500009     124104200851042002710420028     122
CTRIA3    500010     124  420086  420027  420085     102
CTRIA3  10500010     124104200861042002710420085     122
CTRIA3    500011     124  420087  420163  420086     102
CTRIA3  10500011     124104200871042016310420086     122
CTRIA3    500012     124  420027  420086  420163     102
CTRIA3  10500012     124104200271042008610420163     122
CTRIA3    500013     124  420087  420026  420163     102
CTRIA3  10500013     124104200871042002610420163     122
CTRIA3    500014     124  420163  420026  420027     102
CTRIA3  10500014     124104201631042002610420027     122
CTRIA3    500015     124  420023  420090  420062     102
CTRIA3  10500015     124104200231042009010420062     122
CTRIA3    500016     124  420024  420090  420023     102
CTRIA3  10500016     124104200241042009010420023     122
CTRIA3    500017     124  420090  420024  420089     102
CTRIA3  10500017     124104200901042002410420089     122
CTRIA3    500018     124  420025  420089  420024     102
CTRIA3  10500018     124104200251042008910420024     122
CTRIA3    500019     124  420026  420088  420025     102
CTRIA3  10500019     124104200261042008810420025     122
CTRIA3    500020     124  420087  420088  420026     102
CTRIA3  10500020     124104200871042008810420026     122
CTRIA3    500021     124  420088  420089  420025     102
CTRIA3  10500021     124104200881042008910420025     122
CTRIA3    500022     124  420023  420062  420063     102
CTRIA3  10500022     124104200231042006210420063     122
CTRIA3    500023     124  420053  420022  420063     102
CTRIA3  10500023     124104200531042002210420063     122
CTRIA3    500024     124  420022  420023  420063     102
CTRIA3  10500024     124104200221042002310420063     122
CTRIA3    500025     124  420018  420057  420017     102
CTRIA3  10500025     124104200181042005710420017     122
CTRIA3    500026     124  420057  420018  420061     102
CTRIA3  10500026     124104200571042001810420061     122
CTRIA3    500027     124  420019  420061  420018     102
CTRIA3  10500027     124104200191042006110420018     122
CTRIA3    500028     124  420061  420019  420060     102
CTRIA3  10500028     124104200611042001910420060     122
CTRIA3    500029     124  420059  420020  420058     102
CTRIA3  10500029     124104200591042002010420058     122
CTRIA3    500030     124  420021  420058  420020     102
CTRIA3  10500030     124104200211042005810420020     122
CTRIA3    500031     124  420022  420053  420021     102
CTRIA3  10500031     124104200221042005310420021     122
CTRIA3    500032     124  420021  420053  420058     102
CTRIA3  10500032     124104200211042005310420058     122
CTRIA3    500033     124  420072  420017  420057     102
CTRIA3  10500033     124104200721042001710420057     122
CTRIA3    500034     124  420017  420072  420016     102
CTRIA3  10500034     124104200171042007210420016     122
CTRIA3    500035     124  420016  420071  420015     102
CTRIA3  10500035     124104200161042007110420015     122
CTRIA3    500036     124  420071  420016  420072     102
CTRIA3  10500036     124104200711042001610420072     122
CTRIA3    500037     124  420054  420058  420053     102
CTRIA3  10500037     124104200541042005810420053     122
CTRIA3    500038     124  420058  420055  420059     102
CTRIA3  10500038     124104200581042005510420059     122
CTRIA3    500039     124  420055  420058  420054     102
CTRIA3  10500039     124104200551042005810420054     122
CTRIA3    500040     124  420061  420064  420057     102
CTRIA3  10500040     124104200611042006410420057     122
CTRIA3    500041     124  420060  420164  420061     102
CTRIA3  10500041     124104200601042016410420061     122
CTRIA3    500042     124  420059  420165  420060     102
CTRIA3  10500042     124104200591042016510420060     122
CTRIA3    500043     124  420055  420165  420059     102
CTRIA3  10500043     124104200551042016510420059     122
CTRIA3    500044     124  420165  420055  420056     102
CTRIA3  10500044     124104201651042005510420056     122
CTRIA3    500045     124  420164  420064  420061     102
CTRIA3  10500045     124104201641042006410420061     122
CTRIA3    500046     124  420164  420060  420165     102
CTRIA3  10500046     124104201641042006010420165     122
CTRIA3    500047     124  420164  420165  420056     102
CTRIA3  10500047     124104201641042016510420056     122
CTRIA3    500048     124  420056  420051  420164     102
CTRIA3  10500048     124104200561042005110420164     122
CTRIA3    500049     124  420164  420051  420064     102
CTRIA3  10500049     124104201641042005110420064     122
CTRIA3    500050     124  420057  420093  420072     102
CTRIA3  10500050     124104200571042009310420072     122
CTRIA3    500051     124  420093  420057  420064     102
CTRIA3  10500051     124104200931042005710420064     122
CTRIA3    500052     124  420090  420065  420062     102
CTRIA3  10500052     124104200901042006510420062     122
CTRIA3    500053     124  420089  420166  420090     102
CTRIA3  10500053     124104200891042016610420090     122
CTRIA3    500054     124  420088  420167  420089     102
CTRIA3  10500054     124104200881042016710420089     122
CTRIA3    500055     124  420087  420168  420088     102
CTRIA3  10500055     124104200871042016810420088     122
CTRIA3    500056     124  420086  420169  420087     102
CTRIA3  10500056     124104200861042016910420087     122
CTRIA3    500057     124  420086  420085  420094     102
CTRIA3  10500057     124104200861042008510420094     122
CTRIA3    500058     124  420168  420087  420169     102
CTRIA3  10500058     124104201681042008710420169     122
CTRIA3    500059     124  420169  420097  420168     102
CTRIA3  10500059     124104201691042009710420168     122
CTRIA3    500060     124  420098  420168  420097     102
CTRIA3  10500060     124104200981042016810420097     122
CTRIA3    500061     124  420099  420167  420098     102
CTRIA3  10500061     124104200991042016710420098     122
CTRIA3    500062     124  420166  420089  420167     102
CTRIA3  10500062     124104201661042008910420167     122
CTRIA3    500063     124  420167  420088  420168     102
CTRIA3  10500063     124104201671042008810420168     122
CTRIA3    500064     124  420168  420098  420167     102
CTRIA3  10500064     124104201681042009810420167     122
CTRIA3    500065     124  420099  420166  420167     102
CTRIA3  10500065     124104200991042016610420167     122
CTRIA3    500066     124  420100  420166  420099     102
CTRIA3  10500066     124104201001042016610420099     122
CTRIA3    500067     124  420065  420090  420100     102
CTRIA3  10500067     124104200651042009010420100     122
CTRIA3    500068     124  420100  420090  420166     102
CTRIA3  10500068     124104201001042009010420166     122
CTRIA3    500069     124  420094  420085  420095     102
CTRIA3  10500069     124104200941042008510420095     122
CTRIA3    500070     124  420095  420085  420091     102
CTRIA3  10500070     124104200951042008510420091     122
CTRIA3    500071     124  420092  420096  420091     102
CTRIA3  10500071     124104200921042009610420091     122
CTRIA3    500072     124  420091  420096  420095     102
CTRIA3  10500072     124104200911042009610420095     122
CTRIA3    500073     124   20034  420092   20033     102
CTRIA3  10500073     124100200341042009210020033     122
CTRIA3    500074     124   20035  420096   20034     102
CTRIA3  10500074     124100200351042009610020034     122
CTRIA3    500075     124   20034  420096  420092     102
CTRIA3  10500075     124100200341042009610420092     122
CTRIA3    500076     124  420070  420170  420052     102
CTRIA3  10500076     124104200701042017010420052     122
CTRIA3    500077     124  420170  420070  420076     102
CTRIA3  10500077     124104201701042007010420076     122
CTRIA3    500078     124  420170  420076  420093     102
CTRIA3  10500078     124104201701042007610420093     122
CTRIA3    500079     124  420051  420070  420052     102
CTRIA3  10500079     124104200511042007010420052     122
CTRIA3    500080     124  420069  420108  420051     102
CTRIA3  10500080     124104200691042010810420051     122
CTRIA3    500081     124  420068  420171  420069     102
CTRIA3  10500081     124104200681042017110420069     122
CTRIA3    500082     124  420067  420172  420068     102
CTRIA3  10500082     124104200671042017210420068     122
CTRIA3    500083     124  420066  420173  420067     102
CTRIA3  10500083     124104200661042017310420067     122
CTRIA3    500084     124  420066  420065  420101     102
CTRIA3  10500084     124104200661042006510420101     122
CTRIA3    500085     124  420105  420066  420101     102
CTRIA3  10500085     124104201051042006610420101     122
CTRIA3    500086     124  420172  420067  420173     102
CTRIA3  10500086     124104201721042006710420173     122
CTRIA3    500087     124  420173  420066  420105     102
CTRIA3  10500087     124104201731042006610420105     122
CTRIA3    500088     124  420105  420106  420173     102
CTRIA3  10500088     124104201051042010610420173     122
CTRIA3    500089     124  420173  420106  420172     102
CTRIA3  10500089     124104201731042010610420172     122
CTRIA3    500090     124  420107  420172  420106     102
CTRIA3  10500090     124104201071042017210420106     122
CTRIA3    500091     124  420068  420172  420171     102
CTRIA3  10500091     124104200681042017210420171     122
CTRIA3    500092     124  420171  420172  420107     102
CTRIA3  10500092     124104201711042017210420107     122
CTRIA3    500093     124  420108  420171  420107     102
CTRIA3  10500093     124104201081042017110420107     122
CTRIA3    500094     124  420108  420070  420051     102
CTRIA3  10500094     124104201081042007010420051     122
CTRIA3    500095     124  420069  420171  420108     102
CTRIA3  10500095     124104200691042017110420108     122
CTRIA3    500096     124  420099  420174  420100     102
CTRIA3  10500096     124104200991042017410420100     122
CTRIA3    500097     124  420098  420174  420099     102
CTRIA3  10500097     124104200981042017410420099     122
CTRIA3    500098     124  420097  420094  420102     102
CTRIA3  10500098     124104200971042009410420102     122
CTRIA3    500099     124  420109  420097  420102     102
CTRIA3  10500099     124104201091042009710420102     122
CTRIA3    500100     124  420174  420098  420110     102
CTRIA3  10500100     124104201741042009810420110     122
CTRIA3    500101     124  420111  420174  420110     102
CTRIA3  10500101     124104201111042017410420110     122
CTRIA3    500102     124  420112  420174  420111     102
CTRIA3  10500102     124104201121042017410420111     122
CTRIA3    500103     124  420112  420100  420174     102
CTRIA3  10500103     124104201121042010010420174     122
CTRIA3    500104     124  420102  420094  420103     102
CTRIA3  10500104     124104201021042009410420103     122
CTRIA3    500105     124  420103  420094  420095     102
CTRIA3  10500105     124104201031042009410420095     122
CTRIA3    500106     124  420096  420104  420095     102
CTRIA3  10500106     124104200961042010410420095     122
CTRIA3    500107     124  420095  420104  420103     102
CTRIA3  10500107     124104200951042010410420103     122
CTRIA3    500108     124  420104  420096   20036     102
CTRIA3  10500108     124104201041042009610020036     122
CTRIA3    500109     124   20036  420096   20035     102
CTRIA3  10500109     124100200361042009610020035     122
CTRIA3    500110     124  420070  420113  420076     102
CTRIA3  10500110     124104200701042011310420076     122
CTRIA3    500111     124  420113  420070  420114     102
CTRIA3  10500111     124104201131042007010420114     122
CTRIA3    500112     124  420108  420114  420070     102
CTRIA3  10500112     124104201081042011410420070     122
CTRIA3    500113     124  420106  420175  420107     102
CTRIA3  10500113     124104201061042017510420107     122
CTRIA3    500114     124  420105  420176  420106     102
CTRIA3  10500114     124104201051042017610420106     122
CTRIA3    500115     124  420175  420106  420176     102
CTRIA3  10500115     124104201751042010610420176     122
CTRIA3    500116     124  420176  420120  420175     102
CTRIA3  10500116     124104201761042012010420175     122
CTRIA3    500117     124  420121  420175  420120     102
CTRIA3  10500117     124104201211042017510420120     122
CTRIA3    500118     124  420122  420177  420121     102
CTRIA3  10500118     124104201221042017710420121     122
CTRIA3    500119     124  420122  420114  420108     102
CTRIA3  10500119     124104201221042011410420108     122
CTRIA3    500120     124  420107  420175  420177     102
CTRIA3  10500120     124104201071042017510420177     122
CTRIA3    500121     124  420177  420175  420121     102
CTRIA3  10500121     124104201771042017510420121     122
CTRIA3    500122     124  420112  420115  420101     102
CTRIA3  10500122     124104201121042011510420101     122
CTRIA3    500123     124  420111  420178  420112     102
CTRIA3  10500123     124104201111042017810420112     122
CTRIA3    500124     124  420110  420179  420111     102
CTRIA3  10500124     124104201101042017910420111     122
CTRIA3    500125     124  420109  420180  420110     102
CTRIA3  10500125     124104201091042018010420110     122
CTRIA3    500126     124  420109  420102  420116     102
CTRIA3  10500126     124104201091042010210420116     122
CTRIA3    500127     124  420179  420110  420180     102
CTRIA3  10500127     124104201791042011010420180     122
CTRIA3    500128     124  420111  420179  420178     102
CTRIA3  10500128     124104201111042017910420178     122
CTRIA3    500129     124  420178  420179  420124     102
CTRIA3  10500129     124104201781042017910420124     122
CTRIA3    500130     124  420125  420178  420124     102
CTRIA3  10500130     124104201251042017810420124     122
CTRIA3    500131     124  420115  420112  420125     102
CTRIA3  10500131     124104201151042011210420125     122
CTRIA3    500132     124  420125  420112  420178     102
CTRIA3  10500132     124104201251042011210420178     122
CTRIA3    500133     124  420116  420102  420117     102
CTRIA3  10500133     124104201161042010210420117     122
CTRIA3    500134     124  420117  420102  420103     102
CTRIA3  10500134     124104201171042010210420103     122
CTRIA3    500135     124  420104  420118  420103     102
CTRIA3  10500135     124104201041042011810420103     122
CTRIA3    500136     124  420103  420118  420117     102
CTRIA3  10500136     124104201031042011810420117     122
CTRIA3    500137     124   20036   20037  420104     102
CTRIA3  10500137     124100200361002003710420104     122
CTRIA3    500138     124  420104   20037  420118     102
CTRIA3  10500138     124104201041002003710420118     122
CTRIA3    500139     124  420114  420080  420113     102
CTRIA3  10500139     124104201141042008010420113     122
CTRIA3    500140     124  420080  420114  420126     102
CTRIA3  10500140     124104200801042011410420126     122
CTRIA3    500141     124  420122  420126  420114     102
CTRIA3  10500141     124104201221042012610420114     122
CTRIA3    500142     124  420121  420133  420122     102
CTRIA3  10500142     124104201211042013310420122     122
CTRIA3    500143     124  420120  420181  420121     102
CTRIA3  10500143     124104201201042018110420121     122
CTRIA3    500144     124  420119  420181  420120     102
CTRIA3  10500144     124104201191042018110420120     122
CTRIA3    500145     124  420119  420115  420127     102
CTRIA3  10500145     124104201191042011510420127     122
CTRIA3    500146     124  420131  420119  420127     102
CTRIA3  10500146     124104201311042011910420127     122
CTRIA3    500147     124  420132  420181  420131     102
CTRIA3  10500147     124104201321042018110420131     122
CTRIA3    500148     124  420181  420119  420131     102
CTRIA3  10500148     124104201811042011910420131     122
CTRIA3    500149     124  420133  420181  420132     102
CTRIA3  10500149     124104201331042018110420132     122
CTRIA3    500150     124  420133  420126  420122     102
CTRIA3  10500150     124104201331042012610420122     122
CTRIA3    500151     124  420121  420181  420133     102
CTRIA3  10500151     124104201211042018110420133     122
CTRIA3    500152     124  420125  420127  420115     102
CTRIA3  10500152     124104201251042012710420115     122
CTRIA3    500153     124  420124  420182  420125     102
CTRIA3  10500153     124104201241042018210420125     122
CTRIA3    500154     124  420123  420182  420124     102
CTRIA3  10500154     124104201231042018210420124     122
CTRIA3    500155     124  420123  420116  420128     102
CTRIA3  10500155     124104201231042011610420128     122
CTRIA3    500156     124  420134  420123  420128     102
CTRIA3  10500156     124104201341042012310420128     122
CTRIA3    500157     124  420123  420134  420182     102
CTRIA3  10500157     124104201231042013410420182     122
CTRIA3    500158     124  420135  420182  420134     102
CTRIA3  10500158     124104201351042018210420134     122
CTRIA3    500159     124  420127  420125  420135     102
CTRIA3  10500159     124104201271042012510420135     122
CTRIA3    500160     124  420135  420125  420182     102
CTRIA3  10500160     124104201351042012510420182     122
CTRIA3    500161     124  420128  420116  420129     102
CTRIA3  10500161     124104201281042011610420129     122
CTRIA3    500162     124  420129  420116  420117     102
CTRIA3  10500162     124104201291042011610420117     122
CTRIA3    500163     124  420118  420130  420117     102
CTRIA3  10500163     124104201181042013010420117     122
CTRIA3    500164     124  420117  420130  420129     102
CTRIA3  10500164     124104201171042013010420129     122
CTRIA3    500165     124   20037   20038  420118     102
CTRIA3  10500165     124100200371002003810420118     122
CTRIA3    500166     124  420118   20038  420130     102
CTRIA3  10500166     124104201181002003810420130     122
CTRIA3    500167     124  420136  420126  420137     102
CTRIA3  10500167     124104201361042012610420137     122
CTRIA3    500168     124  420126  420136  420080     102
CTRIA3  10500168     124104201261042013610420080     122
CTRIA3    500169     124  420133  420137  420126     102
CTRIA3  10500169     124104201331042013710420126     122
CTRIA3    500170     124  420132  420143  420133     102
CTRIA3  10500170     124104201321042014310420133     122
CTRIA3    500171     124  420131  420183  420132     102
CTRIA3  10500171     124104201311042018310420132     122
CTRIA3    500172     124  420131  420127  420138     102
CTRIA3  10500172     124104201311042012710420138     122
CTRIA3    500173     124  420142  420131  420138     102
CTRIA3  10500173     124104201421042013110420138     122
CTRIA3    500174     124  420143  420183  420142     102
CTRIA3  10500174     124104201431042018310420142     122
CTRIA3    500175     124  420143  420137  420133     102
CTRIA3  10500175     124104201431042013710420133     122
CTRIA3    500176     124  420132  420183  420143     102
CTRIA3  10500176     124104201321042018310420143     122
CTRIA3    500177     124  420183  420131  420142     102
CTRIA3  10500177     124104201831042013110420142     122
CTRIA3    500178     124  420134  420128  420139     102
CTRIA3  10500178     124104201341042012810420139     122
CTRIA3    500179     124  420144  420134  420139     102
CTRIA3  10500179     124104201441042013410420139     122
CTRIA3    500180     124  420145  420184  420144     102
CTRIA3  10500180     124104201451042018410420144     122
CTRIA3    500181     124  420135  420184  420145     102
CTRIA3  10500181     124104201351042018410420145     122
CTRIA3    500182     124  420139  420128  420140     102
CTRIA3  10500182     124104201391042012810420140     122
CTRIA3    500183     124  420140  420128  420129     102
CTRIA3  10500183     124104201401042012810420129     122
CTRIA3    500184     124  420130  420141  420129     102
CTRIA3  10500184     124104201301042014110420129     122
CTRIA3    500185     124  420129  420141  420140     102
CTRIA3  10500185     124104201291042014110420140     122
CTRIA3    500186     124   20038   20039  420130     102
CTRIA3  10500186     124100200381002003910420130     122
CTRIA3    500187     124  420130   20039  420141     102
CTRIA3  10500187     124104201301002003910420141     122
CTRIA3    500188     124  420137  420084  420136     102
CTRIA3  10500188     124104201371042008410420136     122
CTRIA3    500189     124  420084  420137  420146     102
CTRIA3  10500189     124104200841042013710420146     122
CTRIA3    500190     124  420143  420146  420137     102
CTRIA3  10500190     124104201431042014610420137     122
CTRIA3    500191     124  420142  420152  420143     102
CTRIA3  10500191     124104201421042015210420143     122
CTRIA3    500192     124  420152  420146  420143     102
CTRIA3  10500192     124104201521042014610420143     122
CTRIA3    500193     124  420142  420151  420152     102
CTRIA3  10500193     124104201421042015110420152     122
CTRIA3    500194     124  420145  420147  420138     102
CTRIA3  10500194     124104201451042014710420138     122
CTRIA3    500195     124  420144  420153  420145     102
CTRIA3  10500195     124104201441042015310420145     122
CTRIA3    500196     124  420144  420139  420148     102
CTRIA3  10500196     124104201441042013910420148     122
CTRIA3    500197     124  420153  420147  420145     102
CTRIA3  10500197     124104201531042014710420145     122
CTRIA3    500198     124  420144  420148  420153     102
CTRIA3  10500198     124104201441042014810420153     122
CTRIA3    500199     124  420148  420139  420149     102
CTRIA3  10500199     124104201481042013910420149     122
CTRIA3    500200     124  420149  420139  420140     102
CTRIA3  10500200     124104201491042013910420140     122
CTRIA3    500201     124  420141  420150  420140     102
CTRIA3  10500201     124104201411042015010420140     122
CTRIA3    500202     124  420140  420150  420149     102
CTRIA3  10500202     124104201401042015010420149     122
CTRIA3    500203     124   20039   20040  420141     102
CTRIA3  10500203     124100200391002004010420141     122
CTRIA3    500204     124  420141   20040  420150     102
CTRIA3  10500204     124104201411002004010420150     122
CTRIA3    500205     124  420146  420154  420084     102
CTRIA3  10500205     124104201461042015410420084     122
CTRIA3    500206     124  420154  420146  420155     102
CTRIA3  10500206     124104201541042014610420155     122
CTRIA3    500207     124  420147  420156  420160     102
CTRIA3  10500207     124104201471042015610420160     122
CTRIA3    500208     124  420147  420160  420151     102
CTRIA3  10500208     124104201471042016010420151     122
CTRIA3    500209     124  420152  420155  420146     102
CTRIA3  10500209     124104201521042015510420146     122
CTRIA3    500210     124  420155  420152  420161     102
CTRIA3  10500210     124104201551042015210420161     122
CTRIA3    500211     124  420151  420161  420152     102
CTRIA3  10500211     124104201511042016110420152     122
CTRIA3    500212     124  420161  420151  420160     102
CTRIA3  10500212     124104201611042015110420160     122
CTRIA3    500213     124  420157  420153  420148     102
CTRIA3  10500213     124104201571042015310420148     122
CTRIA3    500214     124  420162  420153  420157     102
CTRIA3  10500214     124104201621042015310420157     122
CTRIA3    500215     124  420156  420147  420162     102
CTRIA3  10500215     124104201561042014710420162     122
CTRIA3    500216     124  420162  420147  420153     102
CTRIA3  10500216     124104201621042014710420153     122
CTRIA3    500217     124  420157  420148  420158     102
CTRIA3  10500217     124104201571042014810420158     122
CTRIA3    500218     124  420158  420148  420149     102
CTRIA3  10500218     124104201581042014810420149     122
CTRIA3    500219     124  420149  420159  420158     102
CTRIA3  10500219     124104201491042015910420158     122
CTRIA3    500220     124  420159  420149  420150     102
CTRIA3  10500220     124104201591042014910420150     122
CTRIA3    500221     124   20040   20041  420150     102
CTRIA3  10500221     124100200401002004110420150     122
CTRIA3    500222     124  420150   20041  420159     102
CTRIA3  10500222     124104201501002004110420159     122
CTRIA3    500223     124   20041   10002  420159     102
CTRIA3  10500223     124100200411001000210420159     122
CTRIA3    500224     124  420159   10002  110046     102
CTRIA3  10500224     124104201591001000210110046     122
CTRIA3    500225     124  420158  110046  110047     102
CTRIA3  10500225     124104201581011004610110047     122
CTRIA3    500226     124  110046  420158  420159     102
CTRIA3  10500226     124101100461042015810420159     122
CTRIA3    500227     124  110048  420157  110047     102
CTRIA3  10500227     124101100481042015710110047     122
CTRIA3    500228     124  110047  420157  420158     102
CTRIA3  10500228     124101100471042015710420158     122
CTRIA3    500229     124  110048  420162  420157     102
CTRIA3  10500229     124101100481042016210420157     122
CTRIA3    500230     124  110049  420162  110048     102
CTRIA3  10500230     124101100491042016210110048     122
CTRIA3    500231     124  110050  420156  110049     102
CTRIA3  10500231     124101100501042015610110049     122
CTRIA3    500232     124  110049  420156  420162     102
CTRIA3  10500232     124101100491042015610420162     122
CTRIA3    500233     124  420161  110052  420155     102
CTRIA3  10500233     124104201611011005210420155     122
CTRIA3    500234     124  110052  420161  110051     102
CTRIA3  10500234     124101100521042016110110051     122
CTRIA3    500235     124  420160  110051  420161     102
CTRIA3  10500235     124104201601011005110420161     122
CTRIA3    500236     124  420156  110050  420160     102
CTRIA3  10500236     124104201561011005010420160     122
CTRIA3    500237     124  420160  110050  110051     102
CTRIA3  10500237     124104201601011005010110051     122
CTRIA3    500238     124  110053  420155  110052     102
CTRIA3  10500238     124101100531042015510110052     122
CTRIA3    500239     124  420155  110053  420154     102
CTRIA3  10500239     124104201551011005310420154     122
CTRIA3    500240     124  420081  420084  420154     102
CTRIA3  10500240     124104200811042008410420154     122
CTRIA3    500241     124  110053  110054  420154     102
CTRIA3  10500241     124101100531011005410420154     122
CTRIA3    500242     124  420154  110054  420081     102
CTRIA3  10500242     124104201541011005410420081     122
$CTRIA3    500243     124  420084  420081  420082     102
$CTRIA3  10500243     124104200841042008110420082     122
$CTRIA3    500244     124  420084  420082  420136     102
$CTRIA3  10500244     124104200841042008210420136     122
$CTRIA3    500245     124  420083  420136  420082     102
$CTRIA3  10500245     124104200831042013610420082     122
$CTRIA3    500246     124  420077  420080  420083     102
$CTRIA3  10500246     124104200771042008010420083     122
$CTRIA3    500247     124  420083  420080  420136     102
$CTRIA3  10500247     124104200831042008010420136     122
$CTRIA3    500248     124  420080  420077  420078     102
$CTRIA3  10500248     124104200801042007710420078     122
$CTRIA3    500249     124  420080  420078  420113     102
$CTRIA3  10500249     124104200801042007810420113     122
$CTRIA3    500250     124  420079  420113  420078     102
$CTRIA3  10500250     124104200791042011310420078     122
$CTRIA3    500251     124  420073  420076  420079     102
$CTRIA3  10500251     124104200731042007610420079     122
$CTRIA3    500252     124  420079  420076  420113     102
$CTRIA3  10500252     124104200791042007610420113     122
$CTRIA3    500253     124  420076  420073  420074     102
$CTRIA3  10500253     124104200761042007310420074     122
$CTRIA3    500254     124  420076  420074  420093     102
$CTRIA3  10500254     124104200761042007410420093     122
$CTRIA3    500255     124  420075  420093  420074     102
$CTRIA3  10500255     124104200751042009310420074     122
$CTRIA3    500256     124  420071  420072  420075     102
$CTRIA3  10500256     124104200711042007210420075     122
$CTRIA3    500257     124  420075  420072  420093     102
$CTRIA3  10500257     124104200751042007210420093     122
CTRIA3    500258     124  420056  420069  420051     102
CTRIA3  10500258     124104200561042006910420051     122
CTRIA3    500259     124  420055  420069  420056     102
CTRIA3  10500259     124104200551042006910420056     122
CTRIA3    500260     124  420054  420187  420055     102
CTRIA3  10500260     124104200541042018710420055     122
CTRIA3    500261     124  420053  420185  420054     102
CTRIA3  10500261     124104200531042018510420054     122
CTRIA3    500262     124  420063  420186  420053     102
CTRIA3  10500262     124104200631042018610420053     122
CTRIA3    500263     124  420063  420062  420065     102
CTRIA3  10500263     124104200631042006210420065     122
CTRIA3    500264     124  420066  420063  420065     102
CTRIA3  10500264     124104200661042006310420065     122
CTRIA3    500265     124  420185  420053  420186     102
CTRIA3  10500265     124104201851042005310420186     122
CTRIA3    500266     124  420063  420066  420186     102
CTRIA3  10500266     124104200631042006610420186     122
CTRIA3    500267     124  420186  420066  420185     102
CTRIA3  10500267     124104201861042006610420185     122
CTRIA3    500268     124  420067  420185  420066     102
CTRIA3  10500268     124104200671042018510420066     122
CTRIA3    500269     124  420068  420069  420055     102
CTRIA3  10500269     124104200681042006910420055     122
CTRIA3    500270     124  420187  420068  420055     102
CTRIA3  10500270     124104201871042006810420055     122
CTRIA3    500271     124  420185  420067  420187     102
CTRIA3  10500271     124104201851042006710420187     122
CTRIA3    500272     124  420187  420054  420185     102
CTRIA3  10500272     124104201871042005410420185     122
CTRIA3    500273     124  420187  420067  420068     102
CTRIA3  10500273     124104201871042006710420068     122
$CTRIA3    500274     124   20012  420071  420075     102
$CTRIA3  10500274     124100200121042007110420075     122
$CTRIA3    500275     124   20012  420075   20011     102
$CTRIA3  10500275     124100200121042007510020011     122
$CTRIA3    500276     124  420073   20009   20010     102
$CTRIA3  10500276     124104200731002000910020010     122
$CTRIA3    500277     124   20010  420074  420073     102
$CTRIA3  10500277     124100200101042007410420073     122
$CTRIA3    500278     124  420078   20008  420079     102
$CTRIA3  10500278     124104200781002000810420079     122
$CTRIA3    500279     124  420078  420077   20006     102
$CTRIA3  10500279     124104200781042007710020006     122
$CTRIA3    500280     124   20007  420078   20006     102
$CTRIA3  10500280     124100200071042007810020006     122
$CTRIA3    500281     124  420078   20007   20008     102
$CTRIA3  10500281     124104200781002000710020008     122
$CTRIA3    500282     124   20006  420077  420083     102
$CTRIA3  10500282     124100200061042007710420083     122
$CTRIA3    500283     124   20006  420083   20005     102
$CTRIA3  10500283     124100200061042008310020005     122
$CTRIA3    500284     124   20005  420082   20004     102
$CTRIA3  10500284     124100200051042008210020004     122
$CTRIA3    500285     124  420082   20005  420083     102
$CTRIA3  10500285     124104200821002000510420083     122
CTRIA3    500286     124   10045  420081  110054     102
CTRIA3  10500286     124100100451042008110110054     122
CTRIA3    500287     124  420081   10045   20003     102
CTRIA3  10500287     124104200811001004510020003     122
CTRIA3    500288     124  420071   20012   20013     102
CTRIA3  10500288     124104200711002001210020013     122
CTRIA3    500289     124   20002  420015   20013     102
CTRIA3  10500289     124100200021042001510020013     122
CTRIA3    500290     124   20013  420015  420071     102
CTRIA3  10500290     124100200131042001510420071     122
CTRIA3    500291     124  420180  420123  420179     102
CTRIA3  10500291     124104201801042012310420179     122
CTRIA3    500292     124  420124  420179  420123     102
CTRIA3  10500292     124104201241042017910420123     122
CTRIA3    500293     124  420020  420059  420019     102
CTRIA3  10500293     124104200201042005910420019     122
CTRIA3    500294     124  420060  420019  420059     102
CTRIA3  10500294     124104200601042001910420059     122
CTRIA3    500295     124  420097  420169  420094     102
CTRIA3  10500295     124104200971042016910420094     122
CTRIA3    500296     124  420086  420094  420169     102
CTRIA3  10500296     124104200861042009410420169     122
CTRIA3    500297     124  420170  420093  420052     102
CTRIA3  10500297     124104201701042009310420052     122
CTRIA3    500298     124  420064  420052  420093     102
CTRIA3  10500298     124104200641042005210420093     122
CTRIA3    500299     124  420100  420112  420065     102
CTRIA3  10500299     124104201001042011210420065     122
CTRIA3    500300     124  420101  420065  420112     102
CTRIA3  10500300     124104201011042006510420112     122
CTRIA3    500301     124  420097  420109  420098     102
CTRIA3  10500301     124104200971042010910420098     122
CTRIA3    500302     124  420110  420098  420109     102
CTRIA3  10500302     124104201101042009810420109     122
CTRIA3    500303     124  420107  420177  420108     102
CTRIA3  10500303     124104201071042017710420108     122
CTRIA3    500304     124  420122  420108  420177     102
CTRIA3  10500304     124104201221042010810420177     122
CTRIA3    500305     124  420115  420119  420101     102
CTRIA3  10500305     124104201151042011910420101     122
CTRIA3    500306     124  420105  420101  420119     102
CTRIA3  10500306     124104201051042010110420119     122
CTRIA3    500307     124  420120  420176  420119     102
CTRIA3  10500307     124104201201042017610420119     122
CTRIA3    500308     124  420105  420119  420176     102
CTRIA3  10500308     124104201051042011910420176     122
CTRIA3    500309     124  420123  420180  420116     102
CTRIA3  10500309     124104201231042018010420116     122
CTRIA3    500310     124  420109  420116  420180     102
CTRIA3  10500310     124104201091042011610420180     122
CTRIA3    500311     124  420135  420145  420127     102
CTRIA3  10500311     124104201351042014510420127     122
CTRIA3    500312     124  420138  420127  420145     102
CTRIA3  10500312     124104201381042012710420145     122
CTRIA3    500313     124  420144  420184  420134     102
CTRIA3  10500313     124104201441042018410420134     122
CTRIA3    500314     124  420135  420134  420184     102
CTRIA3  10500314     124104201351042013410420184     122
CTRIA3    500315     124  420147  420151  420138     102
CTRIA3  10500315     124104201471042015110420138     122
CTRIA3    500316     124  420142  420138  420151     102
CTRIA3  10500316     124104201421042013810420151     122
$CTRIA3    500317     124  420075  420074   20011     102
$CTRIA3  10500317     124104200751042007410020011     122
$CTRIA3    500318     124   20010   20011  420074     102
$CTRIA3  10500318     124100200101002001110420074     122
$CTRIA3    500319     124  420073  420079   20009     102
$CTRIA3  10500319     124104200731042007910020009     122
$CTRIA3    500320     124   20008   20009  420079     102
$CTRIA3  10500320     124100200081002000910420079     122
$CTRIA3    500321     124   20003   20004  420081     102
$CTRIA3  10500321     124100200031002000410420081     122
$CTRIA3    500322     124  420082  420081   20004     102
$CTRIA3  10500322     124104200821042008110020004     122
